      -1.0000000000000000      -1.3435123291622737
      -2.0000000000000000      -2.3283108444543488
      -3.0000000000000000      -3.3267768488395695
      -4.0000000000000000      -4.3266232604823047
      -5.0000000000000000      -5.3266083382571896
      -6.0000000000000000      -6.3262273082324763
      -7.0000000000000000      -7.3264655936760033
      -8.0000000000000000      -7.7649843949267616
      -9.0000000000000000      -6.6014931097521288
     -10.0000000000000000      -7.0822825358141515
