      -1.0000000000000000      -2.7323378374129383
      -2.0000000000000000      -4.7323931804786525
      -3.0000000000000000      -6.7323939820446235
      -4.0000000000000000      -8.7332013951595009
      -5.0000000000000000     -10.3994850389959854
      -6.0000000000000000      -9.7137931194137686
      -7.0000000000000000      -8.9434843805444775
      -8.0000000000000000      -7.7649843949267616
      -9.0000000000000000      -7.0822825358141515
     -10.0000000000000000      -7.0822825358141515
