       0.1000000000000000       0.3339506967743200
       0.0100000000000000       0.3333395061810740
       0.0010000000000000       0.3333333950616968
       0.0001000000000000       0.3333333339494704
       0.0000100000000000       0.3333333333466193
       0.0000010000000000       0.3333333332689037
       0.0000001000000000       0.3333333337129929
       0.0000000100000000       0.3333333276067663
       0.0000000010000000       0.3333333609134570
       0.0000000001000000       0.3333333609134570
