       0.1000000000000000       0.3182197858044633
       0.0100000000000000       0.3317681403193329
       0.0010000000000000       0.3331762602039046
       0.0001000000000000       0.3333176204645127
       0.0000100000000000       0.3333317619924614
       0.0000010000000000       0.3333331760613234
       0.0000001000000000       0.3333333176147590
       0.0000000100000000       0.3333333276067663
       0.0000000010000000       0.3333332498911545
       0.0000000001000000       0.3333333609134570
