   2.9996527343598602     
   6.9982634497524314     
   10.995762242785753     
   14.992148649046342     
   18.987422203473052     
   22.981582440357769     
   26.974628893339379     
   30.966561095409165     
   34.957378578901206     
   38.947080875497662     
   42.935667516224612     
   46.923138031448296     
   50.909491950880316     
   54.894728803669757     
   58.878848120381562     
   62.861849467698683     
   66.843732933529907     
   70.824504537532960     
   74.804223901663605     
   78.783329803116061     
   82.764301070104196     
   86.757534392940968     
   90.793601468247999     
   94.931421236810763     
   99.241404505466889     
   103.77391920438794     
   108.54859182480062     
   113.56543095283818     
   118.81724910720861     
   124.29581208542562     
   129.99380399873553     
   135.90514965500751     
   142.02486445620227     
   148.34882532984565     
   154.87356870305518     
   161.59613305594047     
   168.51394064135806     
   175.62470925057895     
   182.92638608056109     
   190.41709769577292     
   198.09511174463313     
   205.95880733446182     
   214.00665185363295     
   222.23718264997837     
   230.64899240915432     
   239.24071738325267     
   248.01102783796986     
   256.95862024367335     
   266.08221084966874     
   275.38053036500298     
   284.85231953139765     
   294.49632542081554     
   304.31129832560435     
   314.29598913636812     
   324.44914712367233     
   334.76951805599225     
   345.25584259915775     
   355.90685495257480     
   366.72128168562716     
   377.69784074402156     
   388.83524060105657     
   400.13217953296885     
   411.58734500093999     
   423.19941312510781     
   434.96704823826451     
   446.88890250876523     
   458.96361562380343     
   471.18981452546200     
   483.56611319308132     
   496.09111246638003     
   508.76339990457001     
   521.58154967730934     
   534.54412248394942     
   547.64966549795497     
   560.89671233380841     
   574.28378303404827     
   587.80938407436781     
   601.47200838497713     
   615.27013538665028     
   629.20223104003423     
   643.26674790701190     
   657.46212522301096     
   671.78678897929615     
   686.23915201438649     
   700.81761411382513     
   715.52056211762317     
   730.34637003476803     
   745.29339916424055     
   760.35999822206293     
   775.54450347392469     
   790.84523887299201     
   806.26051620254179     
   821.78863522309632     
   837.42788382375943     
   853.17653817749022     
   869.03286290006918     
   884.99511121253624     
   901.06152510689333     
   917.23033551488163     
   933.49976247968812     
   949.86801533037817     
   966.33329285895684     
   982.89378349989329     
   999.54766551199782     
   1016.2931071625354     
   1033.1282669134609     
   1050.0512936096895     
   1067.0603266692958     
   1084.1534962755632     
   1101.3289235708019     
   1118.5847208518380     
   1135.9189917671531     
   1153.3298315155196     
   1170.8153270461808     
   1188.3735572603716     
   1206.0025932142889     
   1223.7004983232825     
   1241.4653285673646     
   1259.2951326978630     
   1277.1879524452650     
   1295.1418227281360     
   1313.1547718631111     
   1331.2248217758852     
   1349.3499882131775     
   1367.5282809556234     
   1385.7577040315462     
   1404.0362559315845     
   1422.3619298241138     
   1440.7327137714517     
   1459.1465909467947     
   1477.6015398518384     
   1496.0955345350806     
   1514.6265448107322     
   1533.1925364782383     
   1551.7914715423444     
   1570.4213084336975     
   1589.0800022299443     
   1607.7655048772763     
   1626.4757654124160     
   1645.2087301850015     
   1663.9623430803313     
   1682.7345457424458     
   1701.5232777975159     
   1720.3264770775072     
   1739.1420798440777     
   1757.9680210127037     
   1776.8022343769742     
   1795.6426528330423     
   1814.4872086042164     
   1833.3338334656125     
   1852.1804589689016     
   1871.0250166670676     
   1889.8654383391886     
   1908.6996562151824     
   1927.5256032004881     
   1946.3412131006899     
   1965.1444208460027     
   1983.9331627156187     
   2002.7053765618921     
   2021.4590020343035     
   2040.1919808032089     
   2058.9022567833135     
   2077.5877763568433     
   2096.2464885964273     
   2114.8763454875825     
   2133.4753021508418     
   2152.0413170634638     
   2170.5723522806761     
   2189.0663736564748     
   2207.5213510638664     
   2225.9352586146233     
   2244.3060748784146     
   2262.6317831013553     
   2280.9103714239213     
   2299.1398330981583     
   2317.3181667042236     
   2335.4433763661336     
   2353.5134719667949     
   2371.5264693621575     
   2389.4803905945605     
   2407.3732641051606     
   2425.2031249454435     
   2442.9680149877622     
   2460.6659831348770     
   2478.2950855284248     
   2495.8533857562984     
   2513.3389550589059     
   2530.7498725342175     
   2548.0842253415922     
   2565.3401089043205     
   2582.5156271108290     
   2599.6088925144886     
   2616.6180265320031     
   2633.5411596402519     
   2650.3764315715939     
   2667.1219915075440     
   2683.7759982707166     
   2700.3366205150287     
   2716.8020369140263     
   2733.1704363473027     
   2749.4400180848629     
   2765.6089919694195     
   2781.6755785964287     
   2797.6380094918504     
   2813.4945272874552     
   2829.2433858935869     
   2844.8828506692262     
   2860.4111985892505     
   2875.8267184087076     
   2891.1277108239187     
   2906.3124886302944     
   2921.3793768766000     
   2936.3267130154886     
   2951.1528470500734     
   2965.8561416762632     
   2980.4349724205963     
   2994.8877277732468     
   3009.2128093159099     
   3023.4086318441186     
   3037.4736234836555     
   3051.4062258005606     
   3065.2048939042284     
   3078.8680965430781     
   3092.3943161921102     
   3105.7820491317207     
   3119.0298055169524     
   3132.1361094363510     
   3145.0994989594415     
   3157.9185261717466     
   3170.5917571961463     
   3183.1177721991758     
   3195.4951653807439     
   3207.7225449455409     
   3219.7985330540928     
   3231.7217657513343     
   3243.4908928700188     
   3255.1045779062197     
   3266.5614978634808     
   3277.8603430618941     
   3288.9998169077999     
   3299.9786356190484     
   3310.7955279001458     
   3321.4492345606254     
   3331.9385080689863     
   3342.2621120332633     
   3352.4188205978803     
   3362.4074177446378     
   3372.2266964836740     
   3381.8754579176652     
   3391.3525101596369     
   3400.6566670810303     
   3409.7867468623840     
   3418.7415703135762     
   3427.5199589240469     
   3436.1207325953615     
   3444.5427069984626     
   3452.7846904855510     
   3460.8454804708863     
   3468.7238591750702     
   3476.4185886023711     
   3483.9284045882796     
   3491.2520097129545     
   3498.3880648216195     
   3505.3351788209593     
   3512.0918963243921     
   3518.6566825887980     
   3525.0279050065101     
   3531.2038101672301     
   3537.1824951511053     
   3542.9618712034098     
   3548.5396171865627     
   3553.9131190628004     
   3559.0793898821930     
   3564.0349618912423     
   3568.7757376042227     
   3573.2967783520394     
   3577.5919935016759     
   3581.6536634529616     
   3585.4716653871205     
   3589.0321185454527     
   3592.3147491394966     
   3595.2870703687763     
   3597.8971890340904     
   3600.1697399783707     
   3602.4860460647169     
   3605.1818280457524     
   3608.2649810123739     
   3611.7019352216043     
   3615.4818970885403     
   3619.6093985996918     
   3624.1006868337513     
   3628.9836132259129     
   3634.2999031013360     
   3640.1102353565680     
   3646.5040893858959     
   3653.6195400636534     
   3661.6878524509129     
   3671.1562164051029     
   3683.1834015037193     
