   1 0.50000000000000000     
   2 0.50000000000000000     
   3 0.50000001490116119     
   4 0.50000000000000000     
   5 0.60000000894069672     
   6 0.66666668653488159     
   7 0.71428574621677399     
   8 0.75000000000000000     
   9 0.77777778357267380     
  10 0.80000001192092896     
  11 0.81818184256553650     
  12 0.83333335816860199     
  13 0.84615387767553329     
  14 0.85714289546012878     
  15 0.86666671186685562     
  16 0.87500000000000000     
  17 0.88235294446349144     
  18 0.88888889551162720     
  19 0.89473684877157211     
  20 0.90000001341104507     
  21 0.90476192161440849     
  22 0.90909093618392944     
  23 0.91304349526762962     
  24 0.91666669398546219     
  25 0.91999997943639755     
  26 0.92307695746421814     
  27 0.92592593282461166     
  28 0.92857147008180618     
  29 0.93103447929024696     
  30 0.93333338201045990     
  31 0.93548384308815002     
  32 0.93750000000000000     
  33 0.93939396739006042     
  34 0.94117647409439087     
  35 0.94285714812576771     
  36 0.94444445148110390     
  37 0.94594596885144711     
  38 0.94736842811107635     
  39 0.94871796108782291     
  40 0.95000001415610313     
  41 0.95121947675943375     
  42 0.95238097012042999     
  43 0.95348836854100227     
  44 0.95454548299312592     
  45 0.95555557869374752     
  46 0.95652175694704056     
  47 0.95744677819311619     
  48 0.95833336189389229     
  49 0.95918365381658077     
  50 0.95999997854232788     
  51 0.96078434772789478     
  52 0.96153849735856056     
  53 0.96226416528224945     
  54 0.96296297013759613     
  55 0.96363633312284946     
  56 0.96428575739264488     
  57 0.96491228789091110     
  58 0.96551723778247833     
  59 0.96610169671475887     
  60 0.96666671708226204     
  61 0.96721306070685387     
  62 0.96774190664291382     
  63 0.96825402416288853     
  64 0.96875000000000000     
  65 0.96923077013343573     
  66 0.96969699859619141     
  67 0.97014923114329576     
  68 0.97058823890984058     
  69 0.97101451084017754     
  70 0.97142857685685158     
  71 0.97183096781373024     
  72 0.97222222946584225     
  73 0.97260273247957230     
  74 0.97297299653291702     
  75 0.97333335690200329     
  76 0.97368421778082848     
  77 0.97402597311884165     
  78 0.97435898706316948     
  79 0.97468356881290674     
  80 0.97500001452863216     
  81 0.97530864924192429     
  82 0.97560971975326538     
  83 0.97590357810258865     
  84 0.97619049437344074     
  85 0.97647060733288527     
  86 0.97674418240785599     
  87 0.97701149061322212     
  88 0.97727275639772415     
  89 0.97752809990197420     
  90 0.97777780145406723     
  91 0.97802200261503458     
  92 0.97826088778674603     
  93 0.97849462274461985     
  94 0.97872337326407433     
  95 0.97894741035997868     
  96 0.97916669584810734     
  97 0.97938141319900751     
  98 0.97959181666374207     
  99 0.97979797888547182     
 100 0.97999997809529305     
 101 0.98019800428301096     
 102 0.98039219155907631     
 103 0.98058253340423107     
 104 0.98076926730573177     
 105 0.98095241840928793     
 106 0.98113209009170532     
 107 0.98130838014185429     
 108 0.97685185912996531     
 109 0.97247702255845070     
 110 0.97272724192589521     
 111 0.97297299653291702     
 112 0.97321432922035456     
 113 0.97345132380723953     
 114 0.97368421778082848     
 115 0.97391299903392792     
 116 0.97413792740553617     
 117 0.97435902245342731     
 118 0.97457627300173044     
 119 0.97478996589779854     
 120 0.97500005085021257     
 121 0.97520657069981098     
 122 0.97540978156030178     
 123 0.97560971975326538     
 124 0.97580642253160477     
 125 0.97600004635751247     
 126 0.97619053255766630     
 127 0.97637794911861420     
 128 0.97656250000000000     
 129 0.97674418240785599     
 130 0.97692307783290744     
 131 0.97709923982620239     
 132 0.97727275639772415     
 133 0.97744363360106945     
 134 0.97761191753670573     
 135 0.97777776047587395     
 136 0.97794118011370301     
 137 0.97810218203812838     
 138 0.97826088778674603     
 139 0.97841728851199150     
 140 0.97857143403962255     
 141 0.97872337326407433     
 142 0.97887322120368481     
 143 0.97902096807956696     
 144 0.97916667396202683     
 145 0.97931034117937088     
 146 0.97945204749703407     
 147 0.97959181666374207     
 148 0.97972975345328450     
 149 0.97986577637493610     
 150 0.98000002373009920     
 151 0.98013244941830635     
 152 0.98026316519826651     
 153 0.98039216827601194     
 154 0.98051947960630059     
 155 0.98064514622092247     
 156 0.98076924355700612     
 157 0.98089173436164856     
 158 0.98101268289610744     
 159 0.98113204166293144     
 160 0.98125001462176442     
 161 0.98136647790670395     
 162 0.98148148879408836     
 163 0.98159506916999817     
 164 0.98170728050172329     
 165 0.98181815072894096     
 166 0.98192767426371574     
 167 0.98203596472740173     
 168 0.98214287543669343     
 169 0.98224853351712227     
 170 0.98235296038910747     
 171 0.98245614767074585     
 172 0.98255813587456942     
 173 0.98265893757343292     
 174 0.98275861702859402     
 175 0.98285713233053684     
 176 0.98295457474887371     
 177 0.98305084928870201     
 178 0.98314607748761773     
 179 0.98324019461870193     
 180 0.98333335714414716     
 181 0.98342545237392187     
 182 0.98351650824770331     
 183 0.98360653035342693     
 184 0.98369567049667239     
 185 0.98378380760550499     
 186 0.98387096682563424     
 187 0.98395723849534988     
 188 0.98404252203181386     
 189 0.98412695433944464     
 190 0.98421056848019361     
 191 0.98429320380091667     
 192 0.98437502933666110     
 193 0.98445593379437923     
 194 0.98453605221584439     
 195 0.98461541533470154     
 196 0.98469385737553239     
 197 0.98477155342698097     
 198 0.98484848393127322     
 199 0.98492461256682873     
 200 0.98499997798353434     
 201 0.98507460393011570     
 202 0.98514849925413728     
 203 0.98522165790200233     
 204 0.98529415251687169     
 205 0.98536585457623005     
 206 0.98543690238147974     
 207 0.98550723306834698     
 208 0.98557695979252458     
 209 0.98564589675515890     
 210 0.98571432335302234     
 211 0.98578202724456787     
 212 0.98584907129406929     
 213 0.98591550718992949     
 214 0.98598127719014883     
 215 0.98604650795459747     
 216 0.98611111845821142     
 217 0.98617511428892612     
 218 0.98623848985880613     
 219 0.98630132898688316     
 220 0.98636360513046384     
 221 0.98642538208514452     
 222 0.98648651037365198     
 223 0.98654713481664658     
 224 0.98660718696191907     
 225 0.98666669055819511     
 226 0.98672566004097462     
 227 0.98678410053253174     
 228 0.98684211261570454     
 229 0.98689957894384861     
 230 0.98695647669956088     
 231 0.98701298609375954     
 232 0.98706896184012294     
 233 0.98712446168065071     
 234 0.98717953590676188     
 235 0.98723401129245758     
 236 0.98728813743218780     
 237 0.98734172433614731     
 238 0.98739500856027007     
 239 0.98744767345488071     
 240 0.98750005150213838     
 241 0.98755191918462515     
 242 0.98760326439514756     
 243 0.98765429109334946     
 244 0.98770486284047365     
 245 0.98775505926460028     
 246 0.98780484125018120     
 247 0.98785427585244179     
 248 0.98790319636464119     
 249 0.98795177042484283     
 250 0.98800004692748189     
 251 0.98804783821105957     
 252 0.98809529514983296     
 253 0.98814233206212521     
 254 0.98818897269666195     
 255 0.98823535256087780     
 256 0.98828125000000000     
 257 0.98832684801891446     
 258 0.98837208934128284     
 259 0.98841696977615356     
 260 0.98846153938211501     
 261 0.98850572342053056     
 262 0.98854962154291570     
 263 0.98859314806759357     
 264 0.98863639310002327     
 265 0.98867926001548767     
 266 0.98872182937338948     
 267 0.98876405507326126     
 268 0.98880594712682068     
 269 0.98884757282212377     
 270 0.98888887139037251     
 271 0.98892990127205849     
 272 0.98897059191949666     
 273 0.98901099292561412     
 274 0.98905108706094325     
 275 0.98909091576933861     
 276 0.98913045320659876     
 277 0.98916966887190938     
 278 0.98920865566469729     
 279 0.98924731090664864     
 280 0.98928571981377900     
 281 0.98932383535429835     
 282 0.98936167079955339     
 283 0.98939930088818073     
 284 0.98943660128861666     
 285 0.98947370471432805     
 286 0.98951047845184803     
 287 0.98954704869538546     
 288 0.98958334070630372     
 289 0.98961940826848149     
 290 0.98965516872704029     
 291 0.98969073593616486     
 292 0.98972602002322674     
 293 0.98976106150075793     
 294 0.98979589808732271     
 295 0.98983049672096968     
 296 0.98986488883383572     
 297 0.98989896615967155     
 298 0.98993289051577449     
 299 0.98996654711663723     
 300 0.99000002397224307     
 301 0.99003319907933474     
 302 0.99006622424349189     
 303 0.99009904079139233     
 304 0.99013158632442355     
 305 0.99016393534839153     
 306 0.99019608995877206     
 307 0.99022797867655754     
 308 0.99025973933748901     
 309 0.99029129510745406     
 310 0.99032256542704999     
 311 0.99035368114709854     
 312 0.99038462829776108     
 313 0.99041531793773174     
 314 0.99044587463140488     
 315 0.99047620408236980     
 316 0.99050635402090847     
 317 0.99053629720583558     
 318 0.99056600360199809     
 319 0.99059558752924204     
 320 0.99062501476146281     
 321 0.99065417423844337     
 322 0.99068324826657772     
 323 0.99071204662322998     
 324 0.99074074812233448     
 325 0.99076923169195652     
 326 0.99079752294346690     
 327 0.99082572106271982     
 328 0.99085362162441015     
 329 0.99088147096335888     
 330 0.99090905953198671     
 331 0.99093655496835709     
 332 0.99096381850540638     
 333 0.99099101498723030     
 334 0.99101800099015236     
 335 0.99104478396475315     
 336 0.99107144703157246     
 337 0.99109791684895754     
 338 0.99112427327781916     
 339 0.99115043878555298     
 340 0.99117648997344077     
 341 0.99120234511792660     
 342 0.98976608924567699     
 343 0.98688050254713744     
 344 0.98691860097460449     
 345 0.98695655597839504     
 346 0.98699419759213924     
 347 0.98703167110215873     
 348 0.98706896184012294     
 349 0.98710605327505618     
 350 0.98714284657035023     
 351 0.98717948212288320     
 352 0.98721593851223588     
 353 0.98725211131386459     
 354 0.98728813743218780     
 355 0.98732390895020217     
 356 0.98735956067685038     
 357 0.98739498120266944     
 358 0.98743013862986118     
 359 0.98746516427490860     
 360 0.98750002391170710     
 361 0.98753459844738245     
 362 0.98756909894291312     
 363 0.98760332004167140     
 364 0.98763738747220486     
 365 0.98767125909216702     
 366 0.98770489089656621     
 367 0.98773840581998229     
 368 0.98777175752911717     
 369 0.98780489782802761     
 370 0.98783786175772548     
 371 0.98787059809546918     
 372 0.98790322488639504     
 373 0.98793568857945502     
 374 0.98796793376095593     
 375 0.98799998941831291     
 376 0.98803188360761851     
 377 0.98806364345364273     
 378 0.98809520818758756     
 379 0.98812668956816196     
 380 0.98815793707035482     
 381 0.98818897269666195     
 382 0.98821990541182458     
 383 0.98825066792778671     
 384 0.98828127945307642     
 385 0.98831166967283934     
 386 0.98834194405935705     
 387 0.98837211902718991     
 388 0.98840203147847205     
 389 0.98843187361489981     
 390 0.98846156930085272     
 391 0.98849104053806514     
 392 0.98852038790937513     
 393 0.98854962154291570     
 394 0.98857865994796157     
 395 0.98860760161187500     
 396 0.98863636271562427     
 397 0.98866494896356016     
 398 0.98869345674756914     
 399 0.98872179875615984     
 400 0.98874997789971530     
 401 0.98877808847464621     
 402 0.98880594712682068     
 403 0.98883373884018511     
 404 0.98886137048248202     
 405 0.98888893355615437     
 406 0.98891623911913484     
 407 0.98894347029272467     
 408 0.98897062323521823     
 409 0.98899759899359196     
 410 0.98902439116500318     
 411 0.98905108706094325     
 412 0.98907767911441624     
 413 0.98910415882710367     
 414 0.98913042142521590     
 415 0.98915664700325578     
 416 0.98918272915761918     
 417 0.98920865566469729     
 418 0.98923441336955875     
 419 0.98926018120255321     
 420 0.98928575206082314     
 421 0.98931120696943253     
 422 0.98933652974665165     
 423 0.98936170327942818     
 424 0.98938680719584227     
 425 0.98941172531340271     
 426 0.98943663400132209     
 427 0.98946131707634777     
 428 0.98948594997636974     
 429 0.98951051139738411     
 430 0.98953488003462553     
 431 0.98955913132522255     
 432 0.98958334070630372     
 433 0.98960738407913595     
 434 0.98963133548386395     
 435 0.98965516872704029     
 436 0.98967885668389499     
 437 0.98970247199758887     
 438 0.98972598637919873     
 439 0.98974947177339345     
 440 0.98977269593160599     
 441 0.98979593196418136     
 442 0.98981904739048332     
 443 0.98984200996346772     
 444 0.98986488883383572     
 445 0.98988765059038997     
 446 0.98991036368533969     
 447 0.98993289051577449     
 448 0.98995540139731020     
 449 0.98997775709722191     
 450 0.99000002397224307     
 451 0.99002216442022473     
 452 0.99004424409940839     
 453 0.99006622424349189     
 454 0.99008806515485048     
 455 0.99010993598494679     
 456 0.99013158632442355     
 457 0.99015318439342082     
 458 0.99017468816600740     
 459 0.99019605468492955     
 460 0.99021734611596912     
 461 0.99023862462490797     
 462 0.99025973933748901     
 463 0.99028075102251023     
 464 0.99030172044876963     
 465 0.99032260116655380     
 466 0.99034334579482675     
 467 0.99036401370540261     
 468 0.99038466427009553     
 469 0.99040514056105167     
 470 0.99042550055310130     
 471 0.99044591083656996     
 472 0.99046610353980213     
 473 0.99048624432180077     
 474 0.99050628114491701     
 475 0.99052627058699727     
 476 0.99054626922588795     
 477 0.99056600360199809     
 478 0.99058574868831784     
 479 0.99060544988606125     
 480 0.99062505166511983     
 481 0.99064449756406248     
 482 0.99066395254340023     
 483 0.99068324826657772     
 484 0.99070243781898171     
 485 0.99072168616112322     
 486 0.99074071075301617     
 487 0.99075978796463460     
 488 0.99077863316051662     
 489 0.99079752294346690     
 490 0.99081628362182528     
 491 0.99083507945761085     
 492 0.99085362162441015     
 493 0.99087218719068915     
 494 0.99089071317575872     
 495 0.99090913566760719     
 496 0.99092738982290030     
 497 0.99094563920516521     
 498 0.99096381850540638     
 499 0.99098197661805898     
 500 0.99100004706997424     
 501 0.99001995846629143     
 502 0.98804783821105957     
 503 0.98807152686640620     
 504 0.98809529514983296     
 505 0.98811884270980954     
 506 0.98814233206212521     
 507 0.98816569335758686     
 508 0.98818897269666195     
 509 0.98821221617981791     
 510 0.98823535256087780     
 511 0.98825830966234207     
 512 0.98828125000000000     
 513 0.98830410093069077     
 514 0.98832684801891446     
 515 0.98834953561890870     
 516 0.98837208934128284     
 517 0.98839461233001202     
 518 0.98841696977615356     
 519 0.98843932407908142     
 520 0.98846153938211501     
 521 0.98848365829326212     
 522 0.98850572342053056     
 523 0.98852771718520671     
 524 0.98854962154291570     
 525 0.98857141798362136     
 526 0.98859314806759357     
 527 0.98861479270271957     
 528 0.98863639310002327     
 529 0.98865786870010197     
 530 0.98867926001548767     
 531 0.98870054644066840     
 532 0.98872182937338948     
 533 0.98874296527355909     
 534 0.98876405507326126     
 535 0.98878507700283080     
 536 0.98880594712682068     
 537 0.98882682784460485     
 538 0.98884757282212377     
 539 0.98886828252580017     
 540 0.98888887139037251     
 541 0.98890943976584822     
 542 0.98892990127205849     
 543 0.98895029362756759     
 544 0.98897059191949666     
 545 0.98899083351716399     
 546 0.98901099292561412     
 547 0.98903110716491938     
 548 0.98905108706094325     
 549 0.98907103214878589     
 550 0.98909091576933861     
 551 0.98911071079783142     
 552 0.98913045320659876     
 553 0.98915011528879404     
 554 0.98916966887190938     
 555 0.98918921314179897     
 556 0.98920865566469729     
 557 0.98922803136520088     
 558 0.98924731090664864     
 559 0.98926652886439115     
 560 0.98928571981377900     
 561 0.98930478910915554     
 562 0.98932383535429835     
 563 0.98934282793197781     
 564 0.98936167079955339     
 565 0.98938052728772163     
 566 0.98939930088818073     
 567 0.98941795947030187     
 568 0.98943660128861666     
 569 0.98945519397966564     
 570 0.98947370471432805     
 571 0.98949210019782186     
 572 0.98951047845184803     
 573 0.98952880594879389     
 574 0.98954704869538546     
 575 0.98956523847300559     
 576 0.98958334070630372     
 577 0.98960138682741672     
 578 0.98961940826848149     
 579 0.98963730304967612     
 580 0.98965516872704029     
 581 0.98967296944465488     
 582 0.98969073593616486     
 583 0.98970843176357448     
 584 0.98972602002322674     
 585 0.98974359815474600     
 586 0.98976106150075793     
 587 0.98977850738447160     
 588 0.98979589808732271     
 589 0.98981326329521835     
 590 0.98983049672096968     
 591 0.98984769545495510     
 592 0.98986488883383572     
 593 0.98988196952268481     
 594 0.98989896615967155     
 595 0.98991597595158964     
 596 0.98993289051577449     
 597 0.98994973814114928     
 598 0.98996654711663723     
 599 0.98998327669687569     
 600 0.99000002397224307     
 601 0.99001660943031311     
 602 0.99003319907933474     
 603 0.99004975135903805     
 604 0.99006622424349189     
 605 0.99008264497388154     
 606 0.99009904079139233     
 607 0.99011529900599271     
 608 0.99013158632442355     
 609 0.99014778959099203     
 610 0.99016393534839153     
 611 0.99018005013931543     
 612 0.99019608995877206     
 613 0.99021208100020885     
 614 0.99022797867655754     
 615 0.99024387972895056     
 616 0.99025973933748901     
 617 0.99027551221661270     
 618 0.99029129510745406     
 619 0.99030697112902999     
 620 0.99032256542704999     
 621 0.99033817474264652     
 622 0.99035368114709854     
 623 0.99036918126512319     
 624 0.99038462829776108     
 625 0.99039997498039156     
 626 0.99041531793773174     
 627 0.99043060967233032     
 628 0.99044587463140488     
 629 0.99046106473542750     
 630 0.99047620408236980     
 631 0.99049131677020341     
 632 0.99050635402090847     
 633 0.99052133958321065     
 634 0.99053629720583558     
 635 0.99055117741227150     
 636 0.99056600360199809     
 637 0.99058087263256311     
 638 0.99059558752924204     
 639 0.99061031837482005     
 640 0.99062501476146281     
 641 0.99063962581567466     
 642 0.99065417423844337     
 643 0.99066875688731670     
 644 0.99068324826657772     
 645 0.99069767072796822     
 646 0.99071204662322998     
 647 0.99072639830410480     
 648 0.99074074812233448     
 649 0.99075504357460886     
 650 0.99076923169195652     
 651 0.99078340921550989     
 652 0.99079752294346690     
 653 0.99081166984979063     
 654 0.99082572106271982     
 655 0.99083969788625836     
 656 0.99085362162441015     
 657 0.99086758936755359     
 658 0.99088147096335888     
 659 0.99089528736658394     
 660 0.99090905953198671     
 661 0.99092280841432512     
 662 0.99093655496835709     
 663 0.99095024366397411     
 664 0.99096381850540638     
 665 0.99097745318431407     
 666 0.99099101498723030     
 667 0.99100452417042106     
 668 0.99101800099015236     
 669 0.99103138851933181     
 670 0.99104478396475315     
 671 0.99105813016649336     
 672 0.99107144703157246     
 673 0.99108467681799084     
 674 0.99109791684895754     
 675 0.99111110914964229     
 676 0.99112427327781916     
 677 0.99113735067658126     
 678 0.99115043878555298     
 679 0.99116347881499678     
 680 0.99117648997344077     
 681 0.99118941288907081     
 682 0.99120234511792660     
 683 0.99121522705536336     
 684 0.99122807756066322     
 685 0.99124083644710481     
 686 0.99125368054956198     
 687 0.99126639124006033     
 688 0.99127906607463956     
 689 0.99129172356333584     
 690 0.99130438221618533     
 691 0.99131690105423331     
 692 0.99132945761084557     
 693 0.99134199041873217     
 694 0.99135443754494190     
 695 0.99136689701117575     
 696 0.99137930665165186     
 697 0.99139168427791446     
 698 0.99140404770150781     
 699 0.99141633405815810     
 700 0.99142856081016362     
 701 0.99144082632847130     
 702 0.99145298637449741     
 703 0.99146513920277357     
 704 0.99147730227559805     
 705 0.99148933030664921     
 706 0.99150140304118395     
 707 0.99151345633435994     
 708 0.99152542557567358     
 709 0.99153740936890244     
 710 0.99154926091432571     
 711 0.99156116077210754     
 712 0.99157304386608303     
 713 0.99158484465442598     
 714 0.99159666197374463     
 715 0.99160843004938215     
 716 0.99162008264102042     
 717 0.99163180135656148     
 718 0.99164343718439341     
 719 0.99165508919395506     
 720 0.99166669067926705     
 721 0.99167825770564377     
 722 0.99168972298502922     
 723 0.99170126917306334     
 724 0.99171274551190436     
 725 0.99172416771762073     
 726 0.99173555150628090     
 727 0.99174691259395331     
 728 0.99175826669670641     
 729 0.99176954536233097     
 730 0.99178084824234247     
 731 0.99179210665170103     
 732 0.99180325143970549     
 733 0.99181446689181030     
 734 0.99182559922337532     
 735 0.99183674831874669     
 736 0.99184784456156194     
 737 0.99185890296939760     
 738 0.99186993855983019     
 739 0.99188088101800531     
 740 0.99189191590994596     
 741 0.99190280190669000     
 742 0.99191372469067574     
 743 0.99192461348138750     
 744 0.99193548294715583     
 745 0.99194634775631130     
 746 0.99195713642984629     
 747 0.99196786328684539     
 748 0.99197862902656198     
 749 0.99198936182074249     
 750 0.99199998937547207     
 751 0.99201061239000410     
 752 0.99202124518342316     
 753 0.99203190207481384     
 754 0.99204242322593927     
 755 0.99205299664754421     
 756 0.99206346203573048     
 757 0.99207400786690414     
 758 0.99208447337150574     
 759 0.99209487217012793     
 760 0.99210530566051602     
 761 0.99211561202537268     
 762 0.99212598055601120     
 763 0.99213633709587157     
 764 0.99214660702273250     
 765 0.99215689196716994     
 766 0.99216711707413197     
 767 0.99217729561496526     
 768 0.99218752956949174     
 769 0.99219765490852296     
 770 0.99220777349546552     
 771 0.99221789860166609     
 772 0.99222795432433486     
 773 0.99223804287612438     
 774 0.99224808812141418     
 775 0.99225810298230499     
 776 0.99226801074109972     
 777 0.99227800348307937     
 778 0.99228791473433375     
 779 0.99229784705676138     
 780 0.99230772326700389     
 781 0.99231755593791604     
 782 0.99232735764235258     
 783 0.99233714095316827     
 784 0.99234691844321787     
 785 0.99235670268535614     
 786 0.99236641544848680     
 787 0.99237606895621866     
 788 0.99238576646894217     
 789 0.99239542940631509     
 790 0.99240506999194622     
 791 0.99241470044944435     
 792 0.99242424149997532     
 793 0.99243379663676023     
 794 0.99244328634813428     
 795 0.99245281436014920     
 796 0.99246230092830956     
 797 0.99247175792697817     
 798 0.99248119723051786     
 799 0.99249063071329147     
 800 0.99249997781589627     
 801 0.99250934261363000     
 802 0.99251873698085546     
 803 0.99252798722591251     
 804 0.99253729032352567     
 805 0.99254656513221562     
 806 0.99255582317709923     
 807 0.99256507598329335     
 808 0.99257424171082675     
 809 0.99258342501707375     
 810 0.99259263742715120     
 811 0.99260170303750783     
 812 0.99261082033626735     
 813 0.99261990690138191     
 814 0.99262897390872240     
 815 0.99263803253415972     
 816 0.99264709395356476     
 817 0.99265607492998242     
 818 0.99266508081927896     
 819 0.99267402815166861     
 820 0.99268292775377631     
 821 0.99269188533071429     
 822 0.99270072206854820     
 823 0.99270963866729289     
 824 0.99271845584735274     
 825 0.99272727943025529     
 826 0.99273612024262547     
 827 0.99274489353410900     
 828 0.99275360978208482     
 829 0.99276237527374178     
 830 0.99277110490947962     
 831 0.99277980916667730     
 832 0.99278849852271378     
 833 0.99279708717949688     
 834 0.99280577804893255     
 835 0.99281438894104213     
 836 0.99282292998395860     
 837 0.99283150804694742     
 838 0.99284013360738754     
 839 0.99284862319473177     
 840 0.99285718076862395     
 841 0.99286562239285558     
 842 0.99287415249273181     
 843 0.99288258666638285     
 844 0.99289103224873543     
 845 0.99289940169546753     
 846 0.99290780257433653     
 847 0.99291614710818976     
 848 0.99292454309761524     
 849 0.99293290253262967     
 850 0.99294113693758845     
 851 0.99294945248402655     
 852 0.99295776081271470     
 853 0.99296597309876233     
 854 0.99297419749200344     
 855 0.99298244377132505     
 856 0.99299062276259065     
 857 0.99299884296488017     
 858 0.99300701497122645     
 859 0.99301514821127057     
 860 0.99302325211465359     
 861 0.99303133611101657     
 862 0.99303940963000059     
 863 0.99304748210124671     
 864 0.99305556295439601     
 865 0.99306356161832809     
 866 0.99307158729061484     
 867 0.99307954916730523     
 868 0.99308755667880177     
 869 0.99309551878832281     
 870 0.99310344457626343     
 871 0.99311134312301874     
 872 0.99311922350898385     
 873 0.99312719574663788     
 874 0.99313496612012386     
 875 0.99314284650608897     
 876 0.99315064377151430     
 877 0.99315846804529428     
 878 0.99316632840782404     
 879 0.99317403067834675     
 880 0.99318178673274815     
 881 0.99318960565142334     
 882 0.99319729255512357     
 883 0.99320495792198926     
 884 0.99321271269582212     
 885 0.99322036129888147     
 886 0.99322801455855370     
 887 0.99323557864408940     
 888 0.99324326729401946     
 889 0.99325088399928063     
 890 0.99325843714177608     
 891 0.99326603813096881     
 892 0.99327359255403280     
 893 0.99328110879287124     
 894 0.99328859522938728     
 895 0.99329606024548411     
 896 0.99330361583270133     
 897 0.99331106327008456     
 898 0.99331851443275809     
 899 0.99332587374374270     
 900 0.99333335738629103     
 901 0.99334076570812613     
 902 0.99334810674190521     
 903 0.99335549294482917     
 904 0.99336282815784216     
 905 0.99337012041360140     
 906 0.99337748251855373     
 907 0.99338481796439737     
 908 0.99339202977716923     
 909 0.99339933588635176     
 910 0.99340663943439722     
 911 0.99341384309809655     
 912 0.99342106003314257     
 913 0.99342829827219248     
 914 0.99343546014279127     
 915 0.99344265914987773     
 916 0.99344979738816619     
 917 0.99345688254106790     
 918 0.99346402846276760     
 919 0.99347113689873368     
 920 0.99347821553237736     
 921 0.99348537856712937     
 922 0.99349242076277733     
 923 0.99349945620633662     
 924 0.99350649258121848     
 925 0.99351353757083416     
 926 0.99352049175649881     
 927 0.99352746969088912     
 928 0.99353447905741632     
 929 0.99354142008814961     
 930 0.99354840768501163     
 931 0.99355534184724092     
 932 0.99356222990900278     
 933 0.99356907920446247     
 934 0.99357600510120392     
 935 0.99358290713280439     
 936 0.99358979263342917     
 937 0.99359656055457890     
 938 0.99360343487933278     
 939 0.99361020606011152     
 940 0.99361698981374502     
 941 0.99362379347439855     
 942 0.99363062437623739     
 943 0.99363738077227026     
 944 0.99364406964741647     
 945 0.99365080730058253     
 946 0.99365749163553119     
 947 0.99366423918399960     
 948 0.99367083795368671     
 949 0.99367751413956285     
 950 0.99368416517972946     
 951 0.99369079805910587     
 952 0.99369752989150584     
 953 0.99370403727516532     
 954 0.99371065758168697     
 955 0.99371728766709566     
 956 0.99372382392175496     
 957 0.99373038369230926     
 958 0.99373697396367788     
 959 0.99374349077697843     
 960 0.99375005182810128     
 961 0.99375655292533338     
 962 0.99376300070434809     
 963 0.99376951321028173     
 964 0.99377598590217531     
 965 0.99378242541570216     
 966 0.99378883838653564     
 967 0.99379523145034909     
 968 0.99380161124281585     
 969 0.99380809650756419     
 970 0.99381446978077292     
 971 0.99382084968965501     
 972 0.99382713041268289     
 973 0.99383354338351637     
 974 0.99383987020701170     
 975 0.99384611716959625     
 976 0.99385240348055959     
 977 0.99385873577557504     
 978 0.99386500753462315     
 979 0.99387133831623942     
 980 0.99387750797905028     
 981 0.99388374947011471     
 982 0.99389006942510605     
 983 0.99389624700415879     
 984 0.99390240199863911     
 985 0.99390865466557443     
 986 0.99391478346660733     
 987 0.99392102274578065     
 988 0.99392715049907565     
 989 0.99393328709993511     
 990 0.99393943883478642     
 991 0.99394549732096493     
 992 0.99395158328115940     
 993 0.99395770300179720     
 994 0.99396374775096774     
 995 0.99396983860060573     
 996 0.99397586658596992     
 997 0.99398195301182568     
 998 0.99398798868060112     
 999 0.99399397952947766     
1000 0.99400004721246660     
