  -5.22548874623443       -1.55028881245205     
  -5.21791022622045       -1.57538986773660     
  -5.21020462010295       -1.60045255318951     
  -5.20237211066708       -1.62547625689511     
  -5.19441288333635       -1.65046036769435     
  -5.18632712617070       -1.67540427519307     
  -5.17811502986457       -1.70030736977013     
  -5.16977678774505       -1.72516904258563     
  -5.16131259576985       -1.74998868558914     
  -5.15272265252541       -1.77476569152783     
  -5.14400715922494       -1.79949945395477     
  -5.13516631970645       -1.82418936723708     
  -5.12620034043077       -1.84883482656420     
  -5.11710943047958       -1.87343522795613     
  -5.10789380155344       -1.89798996827167     
  -5.09855366796975       -1.92249844521675     
  -5.08908924666084       -1.94696005735269     
  -5.07950075717191       -1.97137420410454     
  -5.06978842165911       -1.99574028576943     
  -5.05995246488750       -2.02005770352491     
  -5.04999311422915       -2.04432585943735     
  -5.03991059966114       -2.06854415647034     
  -5.02970515376359       -2.09271199849313     
  -5.01937701171779       -2.11682879028903     
  -5.00892641130417       -2.14089393756391     
  -4.99835359290048       -2.16490684695467     
  -4.98765879947980       -2.18886692603772     
  -4.97684227660869       -2.21277358333753     
  -4.96590427244525       -2.23662622833513     
  -4.95484503773728       -2.26042427147664     
  -4.94366482582038       -2.28416712418191     
  -4.93236389261608       -2.30785419885302     
  -4.92094249662996       -2.33148490888291     
  -4.90940089894983       -2.35505866866401     
  -4.89773936324382       -2.37857489359686     
  -4.88595815575857       -2.40203300009875     
  -4.87405754531736       -2.42543240561238     
  -4.86203780331826       -2.44877252861457     
  -4.84989920373229       -2.47205278862497     
  -4.83764202310157       -2.49527260621472     
  -4.82526654053745       -2.51843140301525     
  -4.81277303771870       -2.54152860172703     
  -4.80016179888962       -2.56456362612831     
  -4.78743311085824       -2.58753590108397     
  -4.77458726299439       -2.61044485255428     
  -4.76162454722792       -2.63328990760381     
  -4.74854525804678       -2.65607049441021     
  -4.73534969249518       -2.67878604227316     
  -4.72203815017173       -2.70143598162323     
  -4.70861093322753       -2.72401974403082     
  -4.69506834636432       -2.74653676221511     
  -4.68141069683258       -2.76898647005302     
  -4.66763829442965       -2.79136830258820     
  -4.65375145149781       -2.81368169604005     
  -4.63975048292237       -2.83592608781279     
  -4.62563570612980       -2.85810091650447     
  -4.61140744108575       -2.88020562191609     
  -4.59706601029315       -2.90223964506071     
  -4.58261173879025       -2.92420242817259     
  -4.56804495414870       -2.94609341471634     
  -4.55336598647157       -2.96791204939612     
  -4.53857516839135       -2.98965777816486     
  -4.52367283506805       -3.01133004823347     
  -4.50865932418712       -3.03292830808015     
  -4.49353497595749       -3.05445200745968     
  -4.47830013310956       -3.07590059741268     
  -4.46295514089315       -3.09727353027506     
  -4.44750034707547       -3.11857025968731     
  -4.43193610193907       -3.13979024060395     
  -4.41626275827974       -3.16093292930295     
  -4.40048067140447       -3.18199778339519     
  -4.38459019912934       -3.20298426183398     
  -4.36859170177739       -3.22389182492454     
  -4.35248554217651       -3.24471993433359     
  -4.33627208565728       -3.26546805309889     
  -4.31995170005082       -3.28613564563891     
  -4.30352475568663       -3.30672217776240     
  -4.28699162539034       -3.32722711667816     
  -4.27035268448158       -3.34764993100464     
  -4.25360831077167       -3.36799009077978     
  -4.23675888456141       -3.38824706747072     
  -4.21980478863883       -3.40842033398362     
  -4.20274640827687       -3.42850936467352     
  -4.18558413123107       -3.44851363535418     
  -4.16831834773728       -3.46843262330803     
  -4.15094945050928       -3.48826580729609     
  -4.13347783473644       -3.50801266756795     
  -4.11590389808131       -3.52767268587182     
  -4.09822804067720       -3.54724534546453     
  -4.08045066512579       -3.56673013112167     
  -4.06257217649466       -3.58612652914773     
  -4.04459298231480       -3.60543402738623     
  -4.02651349257813       -3.62465211522995     
  -4.00833411973499       -3.64378028363122     
  -3.99005527869159       -3.66281802511216     
  -3.97167738680745       -3.68176483377505     
  -3.95320086389285       -3.70062020531270     
  -3.93462613220619       -3.71938363701886     
  -3.91595361645138       -3.73805462779872     
  -3.89718374377523       -3.75663267817939     
  -3.87831694376475       -3.77511729032043     
  -3.85935364844448       -3.79350796802449     
  -3.84029429227382       -3.81180421674790     
  -3.82113931214425       -3.83000554361135     
  -3.80188914737667       -3.84811145741062     
  -3.78254423971856       -3.86612146862730     
  -3.76310503334124       -3.88403508943957     
  -3.74357197483706       -3.90185183373302     
  -3.72394551321656       -3.91957121711150     
  -3.70422609990562       -3.93719275690796     
  -3.68441418874255       -3.95471597219539     
  -3.66451023597518       -3.97214038379771     
  -3.64451470025791       -3.98946551430071     
  -3.62442804264867       -4.00669088806305     
  -3.60425072660594       -4.02381603122725     
  -3.58398321798561       -4.04084047173068     
  -3.56362598503786       -4.05776373931664     
  -3.54317949840400       -4.07458536554542     
  -3.52264423111317       -4.09130488380540     
  -3.50202065857914       -4.10792182932422     
  -3.48130925859688       -4.12443573917989     
  -3.46051051133924       -4.14084615231208     
  -3.43962489935345       -4.15715260953331     
  -3.41865290755764       -4.17335465354028     
  -3.39759502323732       -4.18945182892521     
  -3.37645173604175       -4.20544368218720     
  -3.35522353798031       -4.22132976174370     
  -3.33391092341882       -4.23710961794197     
  -3.31251438907580       -4.25278280307060     
  -3.29103443401871       -4.26834887137112     
  -3.26947155966008       -4.28380737904961     
  -3.24782626975373       -4.29915788428836     
  -3.22609907039080       -4.31439994725764     
  -3.20429046999582       -4.32953313012741     
  -3.18240097932274       -4.34455699707915     
  -3.16043111145085       -4.35947111431777     
  -3.13838138178076       -4.37427505008344     
  -3.11625230803024       -4.38896837466357     
  -3.09404441023006       -4.40355066040482     
  -3.07175821071976       -4.41802148172509     
  -3.04939423414341       -4.43238041512561     
  -3.02695300744528       -4.44662703920309     
  -3.00443505986549       -4.46076093466179     
  -2.98184092293558       -4.47478168432581     
  -2.95917113047405       -4.48868887315126     
  -2.93642621858184       -4.50248208823856     
  -2.91360672563777       -4.51616091884472     
  -2.89071319229388       -4.52972495639575     
  -2.86774616147076       -4.54317379449900     
  -2.84470617835281       -4.55650702895559     
  -2.82159379038342       -4.56972425777290     
  -2.79840954726014       -4.58282508117705     
  -2.77515400092972       -4.59580910162544     
  -2.75182770558314       -4.60867592381937     
  -2.72843121765057       -4.62142515471657     
  -2.70496509579627       -4.63405640354393     
  -2.68142990091338       -4.64656928181015     
  -2.65782619611870       -4.65896340331845     
  -2.63415454674740       -4.67123838417936     
  -2.61041552034764       -4.68339384282352     
  -2.58660968667510       -4.69542940001445     
  -2.56273761768751       -4.70734467886150     
  -2.53879988753907       -4.71913930483267     
  -2.51479707257477       -4.73081290576760     
  -2.49072975132471       -4.74236511189052     
  -2.46659850449827       -4.75379555582327     
  -2.44240391497829       -4.76510387259829     
  -2.41814656781510       -4.77628969967174     
  -2.39382705022050       -4.78735267693662     
  -2.36944595156172       -4.79829244673582     
  -2.34500386335520       -4.80910865387540     
  -2.32050137926040       -4.81980094563771     
  -2.29593909507344       -4.83036897179467     
  -2.27131760872072       -4.84081238462104     
  -2.24663752025245       -4.85113083890767     
  -2.22189943183610       -4.86132399197490     
  -2.19710394774972       -4.87139150368587     
  -2.17225167437528       -4.88133303645994     
  -2.14734322019181       -4.89114825528610     
  -2.12237919576856       -4.90083682773644     
  -2.09736021375799       -4.91039842397962     
  -2.07228688888873       -4.91983271679438     
  -2.04715983795846       -4.92913938158308     
  -2.02197967982664       -4.93831809638533     
  -1.99674703540721       -4.94736854189149     
  -1.97146252766117       -4.95629040145638     
  -1.94612678158913       -4.96508336111293     
  -1.92074042422366       -4.97374710958582     
  -1.89530408462163       -4.98228133830526     
  -1.86981839385647       -4.99068574142066     
  -1.84428398501028       -4.99896001581448     
  -1.81870149316585       -5.00710386111595     
  -1.79307155539865       -5.01511697971498     
  -1.76739481076866       -5.02299907677592     
  -1.74167190031210       -5.03074986025152     
  -1.71590346703314       -5.03836904089679     
  -1.69009015589541       -5.04585633228296     
  -1.66423261381348       -5.05321145081141     
  -1.63833148964420       -5.06043411572772     
  -1.61238743417798       -5.06752404913562     
  -1.58640110012996       -5.07448097601105     
  -1.56037314213100       -5.08130462421629     
  -1.53430421671872       -5.08799472451396     
  -1.50819498232828       -5.09455101058125     
  -1.48204609928315       -5.10097321902400     
  -1.45585822978578       -5.10726108939092     
  -1.42963203790810       -5.11341436418778     
  -1.40336818958200       -5.11943278889168     
  -1.37706735258962       -5.12531611196526     
  -1.35073019655363       -5.13106408487104     
  -1.32435739292732       -5.13667646208572     
  -1.29794961498467       -5.14215300111449     
  -1.27150753781024       -5.14749346250540     
  -1.24503183828901       -5.15269760986375     
  -1.21852319509614       -5.15776520986644     
  -1.19198228868652       -5.16269603227642     
  -1.16540980128435       -5.16748984995703     
  -1.13880641687253       -5.17214643888648     
  -1.11217282118199       -5.17666557817221     
  -1.08550970168086       -5.18104705006532     
  -1.05881774756357       -5.18529063997498     
  -1.03209764973987       -5.18939613648282     
  -1.00535010082362       -5.19336333135730     
 -0.978575795121579       -5.19719201956812     
 -0.951775428622034       -5.20088199930054     
 -0.924949698983254       -5.20443307196975     
 -0.898099305521881       -5.20784504223519     
 -0.871224949201159       -5.21111771801491     
 -0.844327332619029       -5.21425091049984     
 -0.817407159996104       -5.21724443416813     
 -0.790465137163492       -5.22009810679943     
 -0.763501971550496       -5.22281174948920     
 -0.736518372172170       -5.22538518666304     
 -0.709515049616746       -5.22781824609091     
 -0.682492716032920       -5.23011075890151     
 -0.655452085117006       -5.23226255959653     
 -0.628393872099960       -5.23427348606496     
 -0.601318793734264       -5.23614337959741     
 -0.574227568280681       -5.23787208490040     
 -0.547120915494883       -5.23945945011068     
 -0.519999556613938       -5.24090532680952     
 -0.492864214342675       -5.24220957003700     
 -0.465715612839912       -5.24337203830636     
 -0.438554477704555       -5.24439259361824     
 -0.411381535961566       -5.24527110147498     
 -0.384197516047796       -5.24600743089494     
 -0.357003147797694       -5.24660145442668     
 -0.329799162428870       -5.24705304816330     
 -0.302586292527537       -5.24736209175664     
 -0.275365272033811       -5.24752846843150     
 -0.248136836226879       -5.24755206499984     
 -0.220901721710031       -5.24743277187500     
 -0.193660666395555       -5.24717048308582     
 -0.166414409489494       -5.24676509629080     
 -0.139163691476265       -5.24621651279221     
 -0.111909254103140       -5.24552463755018     
 -8.465184036458746E-002  -5.24468937919675     
 -5.739219448647161E-002  -5.24371065004992     
 -3.013106191011049E-002  -5.24258836612761     
 -2.869189276193729E-003  -5.24132244716166     
  2.439267559144367E-002  -5.23991281661175     
  5.165378370219061E-002  -5.23835940167928     
  7.891338491517323E-002  -5.23666213332123     
  0.106170727955913       -5.23482094626401     
  0.133425060433130       -5.23283577901717     
  0.160675628855692       -5.23070657388719     
  0.187921678649711       -5.22843327699115     
  0.215162454175784       -5.22601583827037     
  0.242397198746387       -5.22345421150401     
  0.269625154643409       -5.22074835432264     
  0.296845563135843       -5.21789822822170     
  0.324057664497619       -5.21490379857498     
  0.351260698025594       -5.21176503464801     
  0.378453902057683       -5.20848190961138     
  0.405636513991149       -5.20505440055405     
  0.432807770301040       -5.20148248849657     
  0.459966906558776       -5.19776615840425     
  0.487113157450892       -5.19390539920025     
  0.514245756797929       -5.18990020377865     
  0.541363937573479       -5.18575056901742     
  0.568466931923386       -5.18145649579133     
  0.595553971185095       -5.17701798898480     
  0.622624285907159       -5.17243505750471     
  0.649677105868896       -5.16770771429305     
  0.676711660100206       -5.16283597633963     
  0.703727176901537       -5.15781986469458     
  0.730722883864006       -5.15265940448089     
  0.757698007889683       -5.14735462490679     
  0.784651775212021       -5.14190555927811     
  0.811583411416445       -5.13631224501051     
  0.838492141461101       -5.13057472364169     
  0.865377189697756       -5.12469304084344     
  0.892237779892856       -5.11866724643368     
  0.919073135248744       -5.11249739438837     
  0.945882478425032       -5.10618354285332     
  0.972665031560129       -5.09972575415598     
  0.999420016292931       -5.09312409481705     
   1.02614665378466       -5.08637863556205     
   1.05284416474089       -5.07948945133281     
   1.07951176943368       -5.07245662129881     
   1.10614868772389       -5.06528022886847     
   1.13275413908372       -5.05796036170029     
   1.15932734261926       -5.05049711171398     
   1.18586751709338       -5.04289057510139     
   1.21237388094860       -5.03514085233739     
   1.23884565233026       -5.02724804819063     
   1.26528204910982       -5.01921227173421     
   1.29168228890822       -5.01103363635621     
   1.31804558911954       -5.00271225977016     
   1.34437116693476       -4.99424826402534     
   1.37065823936561       -4.98564177551704     
   1.39690602326876       -4.97689292499664     
   1.42311373536994       -4.96800184758164     
   1.44928059228844       -4.95896868276551     
   1.47540581056158       -4.94979357442749     
   1.50148860666949       -4.94047667084222     
   1.52752819705996       -4.93101812468932     
   1.55352379817344       -4.92141809306277     
   1.57947462646825       -4.91167673748020     
   1.60537989844592       -4.90179422389212     
   1.63123883067663       -4.89177072269094     
   1.65705063982488       -4.88160640871987     
   1.68281454267524       -4.87130146128178     
   1.70852975615828       -4.86085606414781     
   1.73419549737660       -4.85027040556589     
   1.75981098363108       -4.83954467826915     
   1.78537543244714       -4.82867907948414     
   1.81088806160127       -4.81767381093889     
   1.83634808914758       -4.80652907887083     
   1.86175473344458       -4.79524509403456     
   1.88710721318202       -4.78382207170941     
   1.91240474740792       -4.77226023170689     
   1.93764655555567       -4.76055979837785     
   1.96283185747136       -4.74872100061960     
   1.98795987344120       -4.73674407188274     
   2.01302982421904       -4.72462925017787     
   2.03804093105415       -4.71237677808205     
   2.06299241571901       -4.69998690274515     
   2.08788350053739       -4.68745987589593     
   2.11271340841243       -4.67479595384806     
   2.13748136285503       -4.66199539750581     
   2.16218658801224       -4.64905847236964     
   2.18682830869588       -4.63598544854166     
   2.21140575041134       -4.62277660073076     
   2.23591813938641       -4.60943220825770     
   2.26036470260037       -4.59595255505998     
   2.28474466781316       -4.58233792969647     
   2.30905726359470       -4.56858862535193     
   2.33330171935439       -4.55470493984133     
   2.35747726537066       -4.54068717561398     
   2.38158313282073       -4.52653563975744     
   2.40561855381047       -4.51225064400132     
   2.42958276140442       -4.49783250472078     
   2.45347498965585       -4.48328154293997     
   2.47729447363707       -4.46859808433512     
   2.50104044946976       -4.45378245923760     
   2.52471215435548       -4.43883500263662     
   2.54830882660627       -4.42375605418181     
   2.57182970567539       -4.40854595818561     
   2.59527403218817       -4.39320506362538     
   2.61864104797293       -4.37773372414537     
   2.64192999609210       -4.36213229805842     
   2.66514012087341       -4.34640114834744     
   2.68827066794112       -4.33054064266675     
   2.71132088424750       -4.31455115334311     
   2.73429001810431       -4.29843305737654     
   2.75717731921438       -4.28218673644095     
   2.77998203870340       -4.26581257688452     
   2.80270342915168       -4.24931096972983     
   2.82534074462610       -4.23268231067380     
   2.84789324071213       -4.21592700008733     
   2.87036017454591       -4.19904544301478     
   2.89274080484652       -4.18203804917312     
   2.91503439194824       -4.16490523295093     
   2.93724019783294       -4.14764741340710     
   2.95935748616262       -4.13026501426927     
   2.98138552231189       -4.11275846393208     
   3.00332357340071       -4.09512819545511     
   3.02517090832709       -4.07737464656060     
   3.04692679779990       -4.05949825963092     
   3.06859051437181       -4.04149948170576     
   3.09016133247222       -4.02337876447908     
   3.11163852844036       -4.00513656429579     
   3.13302138055838       -3.98677334214818     
   3.15430916908455       -3.96828956367207     
   3.17550117628654       -3.94968569914273     
   3.19659668647476       -3.93096222347047     
   3.21759498603572       -3.91211961619602     
   3.23849536346552       -3.89315836148562     
   3.25929710940334       -3.87407894812583     
   3.27999951666506       -3.85488186951808     
   3.30060188027684       -3.83556762367294     
   3.32110349750883       -3.81613671320410     
   3.34150366790891       -3.79658964532208     
   3.36180169333645       -3.77692693182770     
   3.38199687799614       -3.75714908910517     
   3.40208852847190       -3.73725663811501     
   3.42207595376074       -3.71725010438664     
   3.44195846530673       -3.69713001801062     
   3.46173537703498       -3.67689691363072     
   3.48140600538570       -3.65655133043563     
   3.50096966934818       -3.63609381215038     
   3.52042569049491       -3.61552490702747     
   3.53977339301571       -3.59484516783777     
   3.55901210375178       -3.57405515186104     
   3.57814115222993       -3.55315542087618     
   3.59715987069670       -3.53214654115122     
   3.61606759415255       -3.51102908343299     
   3.63486366038606       -3.48980362293646     
   3.65354741000814       -3.46847073933384     
   3.67211818648623       -3.44703101674333     
   3.69057533617855       -3.42548504371759     
   3.70891820836828       -3.40383341323189     
   3.72714615529783       -3.38207672267203     
   3.74525853220301       -3.36021557382180     
   3.76325469734732       -3.33825057285031     
   3.78113401205610       -3.31618233029890     
   3.79889584075074       -3.29401146106778     
   3.81653955098294       -3.27173858440239     
   3.83406451346878       -3.24936432387938     
   3.85147010212298       -3.22688930739236     
   3.86875569409299       -3.20431416713730     
   3.88592066979315       -3.18163953959766     
   3.90296441293875       -3.15886606552914     
   3.91988631058013       -3.13599438994422     
   3.93668575313670       -3.11302516209632     
   3.95336213443096       -3.08995903546371     
   3.96991485172249       -3.06679666773305     
   3.98634330574180       -3.04353872078269     
   4.00264690072429       -3.02018586066564     
   4.01882504444402       -2.99673875759223     
   4.03487714824747       -2.97319808591247     
   4.05080262708726       -2.94956452409814     
   4.06660089955576       -2.92583875472450     
   4.08227138791861       -2.90202146445174     
   4.09781351814821       -2.87811334400615     
   4.11322671995705       -2.85411508816093     
   4.12851042683101       -2.83002739571665     
   4.14366407606248       -2.80585096948152     
   4.15868710878343       -2.78158651625118     
   4.17357896999836       -2.75723474678827     
   4.18833910861712       -2.73279637580164     
   4.20296697748761       -2.70827212192521     
   4.21746203342838       -2.68366270769653     
   4.23182373726109       -2.65896885953495     
   4.24605155384291       -2.63419130771954     
   4.26014495209872       -2.60933078636655     
   4.27410340505322       -2.58438803340667     
   4.28792638986300       -2.55936379056188     
   4.30161338784837       -2.53425880332194     
   4.31516388452515       -2.50907382092065     
   4.32857736963633       -2.48380959631171     
   4.34185333718359       -2.45846688614429     
   4.35499128545872       -2.43304645073825     
   4.36799071707486       -2.40754905405907     
   4.38085113899771       -2.38197546369251     
   4.39357206257647       -2.35632645081884     
   4.40615300357477       -2.33060279018691     
   4.41859348220138       -2.30480526008776     
   4.43089302314077       -2.27893464232810     
   4.44305115558358       -2.25299172220330     
   4.45506741325684       -2.22697728847021     
   4.46694133445413       -2.20089213331965     
   4.47867246206546       -2.17473705234853     
   4.49026034360710       -2.14851284453180     
   4.50170453125111       -2.12222031219396     
   4.51300458185481       -2.09586026098035     
   4.52416005698996       -2.06943349982815     
   4.53517052297181       -2.04294084093704     
   4.54603555088795       -2.01638309973959     
   4.55675471662694       -1.98976109487132     
   4.56732760090677       -1.96307564814053     
   4.57775378930310       -1.93632758449778     
   4.58803287227725       -1.90951773200507     
   4.59816444520405       -1.88264692180479     
   4.60814810839944       -1.85571598808830     
   4.61798346714781       -1.82872576806428     
   4.62767013172921       -1.80167710192679     
   4.63720771744619       -1.77457083282298     
   4.64659584465059       -1.74740780682060     
   4.65583413876990       -1.72018887287514     
   4.66492223033356       -1.69291488279679     
   4.67385975499885       -1.66558669121700     
   4.68264635357671       -1.63820515555489     
   4.69128167205712       -1.61077113598325     
   4.69976536163440       -1.58328549539437     
   4.70809707873214       -1.55574909936555     
   4.71627648502792       -1.52816281612436     
   4.72430324747774       -1.50052751651357     
   4.73217703834021       -1.47284407395595     
   4.73989753520044       -1.44511336441860     
   4.74746442099368       -1.41733626637726     
   4.75487738402869       -1.38951366078014     
   4.76213611801079       -1.36164643101162     
   4.76924032206464       -1.33373546285567     
   4.77618970075681       -1.30578164445901     
   4.78298396411790       -1.27778586629400     
   4.78962282766453       -1.24974902112131     
   4.79610601242095       -1.22167200395237     
   4.80243324494033       -1.19355571201146     
   4.80860425732585       -1.16540104469776     
   4.81461878725135       -1.13720890354694     
   4.82047657798176       -1.10898019219269     
   4.82617737839322       -1.08071581632794     
   4.83172094299285       -1.05241668366583     
   4.83710703193819       -1.02408370390056     
   4.84233541105639      -0.995717788667851     
   4.84740585186300      -0.967319851505372     
   4.85231813158048      -0.938890807812804     
   4.85707203315635      -0.910431574811768     
   4.86166734528107      -0.881943071505518     
   4.86610386240550      -0.853426218638430     
   4.87038138475807      -0.824881938655287     
   4.87449971836166      -0.796311155660365     
   4.87845867505002      -0.767714795376321     
   4.88225807248394      -0.739093785102881     
   4.88589773416707      -0.710449053675346     
   4.88937748946133      -0.681781531422906     
   4.89269717360203      -0.653092150126763     
   4.89585662771263      -0.624381842978087     
   4.89885569881909      -0.595651544535780     
   4.90169423986394      -0.566902190684074     
   4.90437210971993      -0.538134718589957     
   4.90688917320338      -0.509350066660426     
   4.90924530108710      -0.480549174499584     
   4.91144037011299      -0.451732982865571     
   4.91347426300428      -0.422902433627340     
   4.91534686847738      -0.394058469721279     
   4.91705808125338      -0.365202035107687     
   4.91860780206915      -0.336334074727098     
   4.91999593768815      -0.307455534456477     
   4.92122240091077      -0.278567361065261     
   4.92228711058436      -0.249670502171285     
   4.92318999161290      -0.220765906196573     
   4.92393097496622      -0.191854522323005     
   4.92450999768897      -0.162937300447873     
   4.92492700290908      -0.134015191139322     
   4.92518193984595      -0.105089145591683     
   4.92527476381817      -7.616011558071480E-002
   4.92520543625097      -4.722905341874552E-002
   4.92497392468316      -1.829691190972636E-002
   4.92458020277376       1.063535569579208E-002
   4.92402425030822       3.956679574576166E-002
   4.92330605320423       6.849645423180858E-002
   4.92242560351713       9.742337683447082E-002
   4.92138289944488       0.126346608968497     
   4.92017794533272       0.155265195828203     
   4.91881075167723       0.184178182432883     
   4.91728133513017       0.213084613672278     
   4.91558971850171       0.241983534352087     
   4.91373593076333       0.270873989239537     
   4.91172000705028       0.299755023108999     
   4.90954198866358       0.328625680787657     
   4.90720192307159       0.357485007201214     
   4.90469986391113       0.386332047419660     
   4.90203587098826       0.415165846703071     
   4.89921001027851       0.443985450547462     
   4.89622235392680       0.472789904730664     
   4.89307298024684       0.501578255358253     
   4.88976197372024       0.530349548909491     
   4.88628942499505       0.559102832283307     
   4.88265543088408       0.587837152844284     
   4.87886009436266       0.616551558468663     
   4.87490352456606       0.645245097590360     
   4.87078583678653       0.673916819246966     
   4.86650715246990       0.702565773125761     
   4.86206759921179       0.731191009609694     
   4.85746731075342       0.759791579823361     
   4.85270642697706       0.788366535678949     
   4.84778509390099       0.816914929922152     
   4.84270346367415       0.845435816178050     
   4.83746169457033       0.873928248996950     
   4.83205995098196       0.902391283900175     
   4.82649840341356       0.930823977425809     
   4.82077722847468       0.959225387174381     
   4.81489660887249       0.987594571854490     
   4.80885673340404        1.01593059132836     
   4.80265779694792        1.04423250665736     
   4.79630000045575        1.07249938014736     
   4.78978355094304        1.10073027539413     
   4.78310866147984        1.12892425732858     
   4.77627555118083        1.15708039226192     
   4.76928444519510        1.18519774793072     
   4.76213557469548        1.21327539354196     
   4.75482917686749        1.24131239981782     
   4.74736549489786        1.26930783904056     
   4.73974477796268        1.29726078509711     
   4.73196728121513        1.32517031352367     
   4.72403326577278        1.35303550155015     
   4.71594299870456        1.38085542814449     
   4.70769675301729        1.40862917405685     
   4.69929480764179        1.43635582186368     
   4.69073744741863        1.46403445601168     
   4.68202496308347        1.49166416286155     
   4.67315765125204        1.51924403073169     
   4.66413581440468        1.54677314994168     
   4.65495976087048        1.57425061285566     
   4.64562980481114        1.60167551392552     
   4.63614626620430        1.62904694973395     
   4.62650947082658        1.65636401903734     
   4.61671975023620        1.68362582280846     
   4.60677744175526        1.71083146427904     
   4.59668288845157        1.73798004898216     
   4.58643643912019        1.76507068479437     
   4.57603844826449        1.79210248197779     
   4.56548927607699        1.81907455322187     
   4.55478928841963        1.84598601368504     
   4.54393885680389        1.87283598103619     
   4.53293835837036        1.89962357549584     
   4.52178817586806        1.92634791987725     
   4.51048869763336        1.95300813962721     
   4.49904031756853        1.97960336286667     
   4.48744343511997        2.00613272043116     
   4.47569845525608        2.03259534591100     
   4.46380578844474        2.05899037569124     
   4.45176585063046        2.08531694899145     
   4.43957906321125        2.11157420790518     
   4.42724585301506        2.13776129743934     
   4.41476665227590        2.16387736555318     
   4.40214189860968        2.18992156319714     
   4.38937203498965        2.21589304435146     
   4.37645750972153        2.24179096606443     
   4.36339877641834        2.26761448849057     
   4.35019629397488        2.29336277492841     
   4.33685052654188        2.31903499185809     
   4.32336194349984        2.34463030897868     
   4.30973101943261        2.37014789924525     
   4.29595823410052        2.39558693890566     
   4.28204407241338        2.42094660753714     
   4.26798902440304        2.44622608808249     
   4.25379358519568        2.47142456688616     
   4.23945825498388        2.49654123372990     
   4.22498353899825        2.52157528186827     
   4.21036994747892        2.54652590806380     
   4.19561799564662        2.57139231262184     
   4.18072820367358        2.59617369942525     
   4.16570109665408        2.62086927596866     
   4.15053720457476        2.64547825339253     
   4.13523706228464        2.66999984651693     
   4.11980120946487        2.69443327387497     
   4.10423019059830        2.71877775774596     
   4.08852455493863        2.74303252418833     
   4.07268485647950        2.76719680307216     
   4.05671165392317        2.79126982811149     
   4.04060551064907        2.81525083689627     
   4.02436699468208        2.83913907092403     
   4.00799667866051        2.86293377563124     
   3.99149513980401        2.88663420042437     
   3.97486295988105        2.91023959871057     
   3.95810072517639        2.93374922792813     
   3.94120902645815        2.95716234957649     
   3.92418845894482        2.98047822924604     
   3.90703962227194        3.00369613664747     
   3.88976312045862        3.02681534564087     
   3.87235956187384        3.04983513426441     
   3.85482955920257        3.07275478476274     
   3.83717372941162        3.09557358361493     
   3.81939269371531        3.11829082156218     
   3.80148707754095        3.14090579363508     
   3.78345751049405        3.16341779918055     
   3.76530462632339        3.18582614188840     
   3.74702906288580        3.20813012981755     
   3.72863146211081        3.23032907542191     
   3.71011246996508        3.25242229557587     
   3.69147273641657        3.27440911159947     
   3.67271291539862        3.29628884928322     
   3.65383366477374        3.31806083891259     
   3.63483564629734        3.33972441529210     
   3.61571952558118        3.36127891776915     
   3.59648597205671        3.38272369025750     
   3.57713565893828        3.40405808126031     
   3.55766926318615        3.42528144389298     
   3.53808746546940        3.44639313590558     
   3.51839095012868        3.46739251970491     
   3.49858040513884        3.48827896237629     
   3.47865652207148        3.50905183570494     
   3.45861999605730        3.52971051619707     
   3.43847152574839        3.55025438510055     
   3.41821181328043        3.57068282842529     
   3.39784156423474        3.59099523696325     
   3.37736148760025        3.61119100630808     
   3.35677229573538        3.63126953687441     
   3.33607470432979        3.65123023391680     
   3.31526943236610        3.67107250754832     
   3.29435720208146        3.69079577275876     
   3.27333873892907        3.71039944943247     
   3.25221477153964        3.72988296236590     
   3.23098603168268        3.74924574128469     
   3.20965325422785        3.76848722086049     
   3.18821717710610        3.78760684072733     
   3.16667854127088        3.80660404549768     
   3.14503809065915        3.82547828477816     
   3.12329657215242        3.84422901318483     
   3.10145473553770        3.86285569035818     
   3.07951333346843        3.88135778097772     
   3.05747312142527        3.89973475477619     
   3.03533485767695        3.91798608655349     
   3.01309930324103        3.93611125619016     
   2.99076722184458        3.95410974866053     
   2.96833937988491        3.97198105404553     
   2.94581654639017        3.98972466754513     
   2.92319949298004        4.00734008949038     
   2.90048899382625        4.02482682535519     
   2.87768582561322        4.04218438576760     
   2.85479076749857        4.05941228652088     
   2.83180460107368        4.07651004858408     
   2.80872811032423        4.09347719811241     
   2.78556208159072        4.11031326645711     
   2.76230730352897        4.12701779017504     
   2.73896456707067        4.14359031103794     
   2.71553466538391        4.16003037604128     
   2.69201839383367        4.17633753741280     
   2.66841654994239        4.19251135262067     
   2.64472993335054        4.20855138438133     
   2.62095934577719        4.22445720066697     
   2.59710559098057        4.24022837471265     
   2.57316947471874        4.25586448502310     
   2.54915180471021        4.27136511537918     
   2.52505339059464        4.28672985484394     
   2.50087504389354        4.30195829776843     
   2.47661757797103        4.31705004379707     
   2.45228180799465        4.33200469787278     
   2.42786855089616        4.34682187024171     
   2.40337862533250        4.36150117645764     
   2.37881285164665        4.37604223738605     
   2.35417205182869        4.39044467920790     
   2.32945704947680        4.40470813342301     
   2.30466866975844        4.41883223685316     
   2.27980773937145        4.43281663164487     
   2.25487508650537        4.44666096527176     
   2.22987154080268        4.46036489053675     
   2.20479793332026        4.47392806557380     
   2.17965509649080        4.48735015384936     
   2.15444386408437        4.50063082416357     
   2.12916507117005        4.51376975065104     
   2.10381955407761        4.52676661278143     
   2.07840815035932        4.53962109535960     
   2.05293169875185        4.55233288852555     
   2.02739103913823        4.56490168775398     
   2.00178701250993        4.57732719385363     
   1.97612046092904        4.58960911296620     
   1.95039222749052        4.60174715656508     
   1.92460315628462        4.61374104145375     
   1.89875409235930        4.62559048976383     
   1.87284588168289        4.63729522895292     
   1.84687937110675        4.64885499180210     
   1.82085540832808        4.66026951641318     
   1.79477484185291        4.67153854620564     
   1.76863852095907        4.68266182991328     
   1.74244729565946        4.69363912158065     
   1.71620201666530        4.70447018055913     
   1.68990353534956        4.71515477150282     
   1.66355270371056        4.72569266436409     
   1.63715037433566        4.73608363438894     
   1.61069740036511        4.74632746211198     
   1.58419463545602        4.75642393335131     
   1.55764293374654        4.76637283920299     
   1.53104314982009        4.77617397603534     
   1.50439613866987        4.78582714548296     
   1.47770275566339        4.79533215444045     
   1.45096385650731        4.80468881505594     
   1.42418029721229        4.81389694472433     
   1.39735293405813        4.82295636608020     
   1.37048262355900        4.83186690699059     
   1.34357022242887        4.84062840054739     
   1.31661658754709        4.84924068505953     
   1.28962257592410        4.85770360404487     
   1.26258904466741        4.86601700622184     
   1.23551685094760        4.87418074550085     
   1.20840685196459        4.88219468097535     
   1.18125990491398        4.89005867691270     
   1.15407686695363        4.89777260274478     
   1.12685859517031        4.90533633305831     
   1.09960594654659        4.91274974758500     
   1.07231977792781        4.92001273119139     
   1.04500094598925        4.92712517386850     
   1.01765030720346        4.93408697072126     
  0.990268717807739        4.94089802195771     
  0.962857033771764        4.94755823287801     
  0.935416110765441        4.95406751386319     
  0.907946804126878        4.96042578036382     
  0.880449968830557        4.96663295288831     
  0.852926459455686        4.97268895699120     
  0.825377130154727        4.97859372326111     
  0.797802834622113        4.98434718730858     
  0.770204426063158        4.98994928975375     
  0.742582757163146        4.99539997621374     
  0.714938680056628        5.00069919728999     
  0.687273046296899        5.00584690855532     
  0.659586706825676        5.01084307054084     
  0.631880511942974        5.01568764872268     
  0.604155311277180        5.02038061350856     
  0.576411953755317        5.02492194022419     
  0.548651287573519        5.02931160909941     
  0.520874160167696        5.03354960525430     
  0.493081418184402        5.03763591868501     
  0.465273907451908        5.04157054424946     
  0.437452472951467        5.04535348165287     
  0.409617958788788        5.04898473543314     
  0.381771208165710        5.05246431494603     
  0.353913063352073        5.05579223435022     
  0.326044365657797        5.05896851259220     
  0.298165955405165        5.06199317339100     
  0.270278671901301        5.06486624522276     
  0.242383353410862        5.06758776130513     
  0.214480837128922        5.07015775958160     
  0.186571959154071        5.07257628270561     
  0.158657554461712        5.07484337802450     
  0.130738456877562        5.07695909756341     
  0.102815499051363        5.07892349800894     
  7.488951243079309E-002   5.08073664069274     
  4.696132723558477E-002   5.08239859157495     
  1.903177243184903E-002   5.08390942122748     
 -8.898324293395130E-003   5.08526920481719     
 -3.682813655748517E-002   5.08647802208894     
 -6.475683930717341E-002   5.08753595734851     
 -9.268360884347912E-002   5.08844309944537     
 -0.120607622846334        5.08919954175539     
 -0.148528060399023        5.08980538216339     
 -0.176444102012412        5.09026072304557     
 -0.204354929648982        5.09056567125184     
 -0.232259726746641        5.09072033808805     
 -0.260157678242340        5.09072483929810     
 -0.288047970595477        5.09057929504594     
 -0.315929791811101        5.09028382989746     
 -0.343802331462898        5.08983857280231     
 -0.371664780715982        5.08924365707559     
 -0.399516332349474        5.08849922037945     
 -0.427356180778874        5.08760540470459     
 -0.455183522078231        5.08656235635170     
 -0.482997554002102        5.08537022591277     
 -0.510797476007310        5.08402916825234     
 -0.538582489274495        5.08253934248864     
 -0.566351796729458        5.08090091197465     
 -0.594104603064302        5.07911404427912     
 -0.621840114758369        5.07717891116746     
 -0.649557540098973        5.07509568858258     
 -0.677256089201927        5.07286455662562     
 -0.704934974031869        5.07048569953669     
 -0.732593408422384        5.06795930567544     
 -0.760230608095927        5.06528556750162     
 -0.787845790683538        5.06246468155558     
 -0.815438175744362        5.05949684843867     
 -0.843006984784965        5.05638227279360     
 -0.870551441278456        5.05312116328475     
 -0.898070770683397        5.04971373257838     
 -0.925564200462532        5.04616019732287     
 -0.953030960101301        5.04246077812882     
 -0.980470281126176        5.03861569954913     
  -1.00788139712278        5.03462519005905     
  -1.03526354375384        5.03048948203620     
  -1.06261595877690        5.02620881174045     
  -1.08993788206189        5.02178341929390     
  -1.11722855560850        5.01721354866072     
  -1.14448722356328        5.01249944762700     
  -1.17171313223670        5.00764136778053     
  -1.19890553011986        5.00263956449063     
  -1.22606366790114        4.99749429688784     
  -1.25318679848256        4.99220582784368     
  -1.28027417699604        4.98677442395036     
  -1.30732506081941        4.98120035550045     
  -1.33433870959225        4.97548389646655     
  -1.36131438523154        4.96962532448099     
  -1.38825135194715        4.96362492081541     
  -1.41514887625709        4.95748297036045     
  -1.44200622700262        4.95119976160538     
  -1.46882267536311        4.94477558661768     
  -1.49559749487075        4.93821074102269     
  -1.52232996142509        4.93150552398323     
  -1.54901935330730        4.92466023817915     
  -1.57566495119431        4.91767518978699     
  -1.60226603817273        4.91055068845949     
  -1.62882189975255        4.90328704730521     
  -1.65533182388069        4.89588458286804     
  -1.68179510095433        4.88834361510677     
  -1.70821102383402        4.88066446737458     
  -1.73457888785665        4.87284746639854     
  -1.76089799084823        4.86489294225911     
  -1.78716763313643        4.85680122836953     
  -1.81338711756305        4.84857266145533     
  -1.83955574949618        4.84020758153370     
  -1.86567283684229        4.83170633189292     
  -1.89173769005816        4.82306925907173     
  -1.91774962216254        4.81429671283878     
  -1.94370794874780        4.80538904617194     
  -1.96961198799127        4.79634661523778     
  -1.99546106066654        4.78716977937092     
  -2.02125449015457        4.77785890105346     
  -2.04699160245457        4.76841434589444     
  -2.07267172619488        4.75883648260927     
  -2.09829419264351        4.74912568299924     
  -2.12385833571869        4.73928232193099     
  -2.14936349199916        4.72930677731610     
  -2.17480900073433        4.71919943009060     
  -2.20019420385430        4.70896066419463     
  -2.22551844597973        4.69859086655202     
  -2.25078107443151        4.68809042704997     
  -2.27598143924032        4.67745973851878     
  -2.30111889315600        4.66669919671154     
  -2.32619279165680        4.65580920028391     
  -2.35120249295846        4.64479015077395     
  -2.37614735802310        4.63364245258193     
  -2.40102675056802        4.62236651295022     
  -2.42584003707433        4.61096274194316     
  -2.45058658679537        4.59943155242709     
  -2.47526577176507        4.58777336005024     
  -2.49987696680612        4.57598858322279     
  -2.52441954953795        4.56407764309696     
  -2.54889290038462        4.55204096354702     
  -2.57329640258260        4.53987897114952     
  -2.59762944218827        4.52759209516339     
  -2.62189140808541        4.51518076751017     
  -2.64608169199249        4.50264542275428     
  -2.67019968846983        4.48998649808329     
  -2.69424479492660        4.47720443328827     
  -2.71821641162772        4.46429967074415     
  -2.74211394170058        4.45127265539013     
  -2.76593679114167        4.43812383471019     
  -2.78968436882302        4.42485365871353     
  -2.81335608649856        4.41146257991515     
  -2.83695135881031        4.39795105331646     
  -2.86046960329447        4.38431953638591     
  -2.88391024038732        4.37056848903964     
  -2.90727269343107        4.35669837362228     
  -2.93055638867953        4.34270965488769     
  -2.95376075530367        4.32860279997980     
  -2.97688522539704        4.31437827841349     
  -2.99992923398108        4.30003656205552     
  -3.02289221901031        4.28557812510554     
  -3.04577362137738        4.27100344407706     
  -3.06857288491800        4.25631299777858     
  -3.09128945641579        4.24150726729472     
  -3.11392278560695        4.22658673596741     
  -3.13647232518484        4.21155188937711     
  -3.15893753080445        4.19640321532411     
  -3.18131786108677        4.18114120380992     
  -3.20361277762299        4.16576634701861     
  -3.22582174497863        4.15027913929833     
  -3.24794423069756        4.13468007714279     
  -3.26997970530591        4.11896965917283     
  -3.29192764231580        4.10314838611808     
  -3.31378751822908        4.08721676079861     
  -3.33555881254088        4.07117528810669     
  -3.35724100774307        4.05502447498861     
  -3.37883358932761        4.03876483042649     
  -3.40033604578983        4.02239686542025     
  -3.42174786863158        4.00592109296957     
  -3.44306855236425        3.98933802805592     
  -3.46429759451176        3.97264818762465     
  -3.48543449561339        3.95585209056719     
  -3.50647875922654        3.93895025770322     
  -3.52742989192939        3.92194321176297     
  -3.54828740332346        3.90483147736957     
  -3.56905080603609        3.88761558102144     
  -3.58971961572280        3.87029605107477     
  -3.61029335106959        3.85287341772603     
  -3.63077153379514        3.83534821299458     
  -3.65115368865289        3.81772097070531     
  -3.67143934343313        3.79999222647136     
  -3.69162802896486        3.78216251767693     
  -3.71171927911769        3.76423238346009     
  -3.73171263080363        3.74620236469572     
  -3.75160762397875        3.72807300397850     
  -3.77140380164480        3.70984484560591     
  -3.79110070985077        3.69151843556144     
  -3.81069789769436        3.67309432149766     
  -3.83019491732334        3.65457305271958     
  -3.84959132393689        3.63595518016792     
  -3.86888667578683        3.61724125640253     
  -3.88808053417884        3.59843183558587     
  -3.90717246347349        3.57952747346653     
  -3.92616203108735        3.56052872736292     
  -3.94504880749389        3.54143615614688     
  -3.96383236622441        3.52225032022755     
  -3.98251228386885        3.50297178153514     
  -4.00108814007653        3.48360110350496     
  -4.01955951755681        3.46413885106134     
  -4.03792600207970        3.44458559060175     
  -4.05618718247636        3.42494188998099     
  -4.07434265063955        3.40520831849537     
  -4.09239200152397        3.38538544686704     
  -4.11033483314653        3.36547384722837     
  -4.12817074658655        3.34547409310634     
  -4.14589934598584        3.32538675940709     
  -4.16352023854877        3.30521242240043     
  -4.18103303454219        3.28495165970445     
  -4.19843734729530        3.26460505027024     
  -4.21573279319948        3.24417317436651     
  -4.23291899170799        3.22365661356446     
  -4.24999556533565        3.20305595072251     
  -4.26696213965848        3.18237176997126     
  -4.28381834331319        3.16160465669833     
  -4.30056380799673        3.14075519753342     
  -4.31719816846571        3.11982398033329     
  -4.33372106253580        3.09881159416689     
  -4.35013213108110        3.07771862930053     
  -4.36643101803344        3.05654567718307     
  -4.38261737038162        3.03529333043123     
  -4.39869083817071        3.01396218281497     
  -4.41465107450116        2.99255282924287     
  -4.43049773552798        2.97106586574766     
  -4.44623048045983        2.94950188947177     
  -4.46184897155813        2.92786149865298     
  -4.47735287413601        2.90614529261013     
  -4.49274185655735        2.88435387172886     
  -4.50801559023571        2.86248783744754     
  -4.52317374963322        2.84054779224311     
  -4.53821601225946        2.81853433961714     
  -4.55314205867026        2.79644808408185     
  -4.56795157246651        2.77428963114626     
  -4.58264424029287        2.75205958730238     
  -4.59721975183650        2.72975856001151     
  -4.61167779982569        2.70738715769054     
  -4.62601808002853        2.68494598969838     
  -4.64024029125143        2.66243566632242     
  -4.65434413533772        2.63985679876507     
  -4.66832931716613        2.61720999913037     
  -4.68219554464927        2.59449588041064     
  -4.69594252873206        2.57171505647322     
  -4.70956998339013        2.54886814204729     
  -4.72307762562818        2.52595575271067     
  -4.73646517547830        2.50297850487680     
  -4.74973235599830        2.47993701578168     
  -4.76287889326990        2.45683190347095     
  -4.77590451639703        2.43366378678698     
  -4.78880895750397        2.41043328535602     
  -4.80159195173356        2.38714101957546     
  -4.81425323724529        2.36378761060110     
  -4.82679255521342        2.34037368033451     
  -4.83920964982505        2.31689985141043     
  -4.85150426827816        2.29336674718422     
  -4.86367616077963        2.26977499171943     
  -4.87572508054322        2.24612520977536     
  -4.88765078378755        2.22241802679468     
  -4.89945302973397        2.19865406889116     
  -4.91113158060455        2.17483396283744     
  -4.92268620161990        2.15095833605281     
  -4.93411666099704        2.12702781659109     
  -4.94542272994726        2.10304303312860     
  -4.95660418267389        2.07900461495206     
  -4.96766079637009        2.05491319194673     
  -4.97859235121663        2.03076939458443     
  -4.98939863037963        2.00657385391172     
  -5.00007942000826        1.98232720153810     
  -5.01063450923245        1.95803006962427     
  -5.02106369016056        1.93368309087044     
  -5.03136675787705        1.90928689850472     
  -5.04154351044011        1.88484212627148     
  -5.05159374887929        1.86034940841988     
  -5.06151727719309        1.83580937969238     
  -5.07131390234655        1.81122267531330     
  -5.08098343426882        1.78658993097745     
  -5.09052568585072        1.76191178283881     
  -5.09994047294226        1.73718886749930     
  -5.10922761435018        1.71242182199746     
  -5.11838693183543        1.68761128379740     
  -5.12741825011071        1.66275789077757     
  -5.13632139683792        1.63786228121976     
  -5.14509620262562        1.61292509379805     
  -5.15374250102651        1.58794696756780     
  -5.16226012853489        1.56292854195479     
  -5.17064892458404        1.53787045674426     
  -5.17890873154372        1.51277335207014     
  -5.18703939471753        1.48763786840420     
  -5.19504076234039        1.46246464654535     
  -5.20291268557585        1.43725432760893     
  -5.21065501851359        1.41200755301603     
  -5.21826761816676        1.38672496448288     
  -5.22575034446939        1.36140720401034     
  -5.23310306027378        1.33605491387330     
  -5.24032563134788        1.31066873661023     
  -5.24741792637271        1.28524931501277     
  -5.25437981693972        1.25979729211529     
  -5.26121117754820        1.23431331118458     
  -5.26791188560268        1.20879801570950     
  -5.27448182141032        1.18325204939078     
  -5.28092086817830        1.15767605613072     
  -5.28722891201130        1.13207068002311     
  -5.29340584190881        1.10643656534302     
  -5.29945154976266        1.08077435653676     
  -5.30536593035435        1.05508469821186     
  -5.31114888135256        1.02936823512705     
  -5.31680030331050        1.00362561218234     
  -5.32232009966342       0.977857474409112     
  -5.32770817672600       0.952064466960323     
  -5.33296444368975       0.926247235100665     
  -5.33808881262050       0.900406424196843     
  -5.34308119845576       0.874542679707874     
  -5.34794151900211       0.848656647175430     
  -5.35266969493264       0.822748972214232     
  -5.35726564978429       0.796820300502475     
  -5.36172930995519       0.770871277772302     
  -5.36606060470206       0.744902549800301     
  -5.37025946613747       0.718914762398044     
  -5.37432582922720       0.692908561402654     
  -5.37825963178750       0.666884592667395     
  -5.38206081448241       0.640843502052289     
  -5.38572932082105       0.614785935414763     
  -5.38926509715484       0.588712538600309     
  -5.39266809267482       0.562623957433172     
  -5.39593825940893       0.536520837707058     
  -5.39907555221924       0.510403825175862     
  -5.40207992879930       0.484273565544426     
  -5.40495134967136       0.458130704459307     
  -5.40768977818374       0.431975887499582     
  -5.41029518050810       0.405809760167668     
  -5.41276752563681       0.379632967880173     
  -5.41510678538024       0.353446155958775     
  -5.41731293436416       0.327249969621120     
  -5.41938595002709       0.301045053971756     
  -5.42132581261767       0.274832053993093     
  -5.42313250519208       0.248611614536387     
  -5.42480601361147       0.222384380312759     
  -5.42634632653930       0.196150995884236     
  -5.42775343543886       0.169912105654827     
  -5.42902733457068       0.143668353861620     
  -5.43016802098999       0.117420384565912     
  -5.43117549454417       9.116884164435977E-002
  -5.43204975787025       6.491436878016700E-002
  -5.43279081639238       3.865760945428721E-002
  -5.43339867831937       1.239920693665813E-002
  -5.43387335464210      -1.386019572254099E-002
  -5.43421485913114      -4.011995570160760E-002
  -5.43442320833419      -6.637943041601044E-002
  -5.43449842157365      -9.263797752706120E-002
  -5.43444052094417      -0.118894954950564     
  -5.43424953131013      -0.145149720865442     
  -5.43392548030328      -0.171401633722345     
  -5.43346839832022      -0.197650052252236     
  -5.43287831852003      -0.223894335474953     
  -5.43215527682180      -0.250133842707759     
  -5.43129931190224      -0.276367933573870     
  -5.43031046519327      -0.302595968010962     
  -5.42918878087959      -0.328817306279661     
  -5.42793430589632      -0.355031308972021     
  -5.42654708992658      -0.381237337019979     
  -5.42502718539914      -0.407434751703798     
  -5.42337464748604      -0.433622914660488     
  -5.42158953410018      -0.459801187892220     
  -5.41967190589303      -0.485968933774721     
  -5.41762182625223      -0.512125515065654     
  -5.41543936129927      -0.538270294912986     
  -5.41312457988714      -0.564402636863341     
  -5.41067755359801      -0.590521904870343     
  -5.40809835674090      -0.616627463302943     
  -5.40538706634937      -0.642718676953738     
  -5.40254376217921      -0.668794911047274     
  -5.39956852670613      -0.694855531248345     
  -5.39646144512350      -0.720899903670271     
  -5.39322260534002      -0.746927394883180     
  -5.38985209797749      -0.772937371922267     
  -5.38635001636848      -0.798929202296052     
  -5.38271645655412      -0.824902253994629     
  -5.37895151728182      -0.850855895497904     
  -5.37505530000300      -0.876789495783825     
  -5.37102790887090      -0.902702424336612     
  -5.36686945073829      -0.928594051154972     
  -5.36258003515528      -0.954463746760311     
  -5.35815977436709      -0.980310882204943     
  -5.35360878331181       -1.00613482908029     
  -5.34892717961824       -1.03193495952510     
  -5.34411508360367       -1.05771064623358     
  -5.33917261827166       -1.08346126246368     
  -5.33409990930990       -1.10918618204520     
  -5.32889708508804       -1.13488477938801     
  -5.32356427665545       -1.16055642949025     
  -5.31810161773916       -1.18620050794647     
  -5.31250924474161       -1.21181639095585     
  -5.30678729673859       -1.23740345533039     
  -5.30093591547704       -1.26296107850305     
  -5.29495524537295       -1.28848863853599     
  -5.28884543350926       -1.31398551412873     
  -5.28260662963369       -1.33945108462633     
  -5.27623898615672       -1.36488473002764     
  -5.26974265814943       -1.39028583099344     
  -5.26311780334145       -1.41565376885467     
  -5.25636458211890       -1.44098792562067     
  -5.24948315752232       -1.46628768398735     
  -5.24247369524461       -1.49155242734545     
  -5.23533636362903       -1.51678153978878     
  -5.22807133366715       -1.54197440612240     
  -5.22067877899686       -1.56713041187096     
  -5.21315887590037       -1.59224894328688     
  -5.20551180330225       -1.61732938735865     
  -5.19773774276745       -1.64237113181911     
  -5.18983687849936       -1.66737356515370     
  -5.18180939733788       -1.69233607660877     
  -5.17365548875752       -1.71725805619986     
  -5.16537534486548       -1.74213889472000     
  -5.15696916039978       -1.76697798374800     
  -5.14843713272738       -1.79177471565679     
  -5.13977946184230       -1.81652848362165     
  -5.13099635036382       -1.84123868162858     
  -5.12208800353458       -1.86590470448259     
  -5.11305462921876       -1.89052594781596     
  -5.10389643790024       -1.91510180809659     
  -5.09461364268076       -1.93963168263627     
  -5.08520645927805       -1.96411496959898     
  -5.07567510602399       -1.98855106800922     
  -5.06601980386277       -2.01293937776027     
