  1.359581099942867E-002
  1.359601204261276E-002
  1.359618323875515E-002
  1.359635745885171E-002
  1.359660501827619E-002
  1.359695854619713E-002
  1.359738540575979E-002
  1.359780937862798E-002
  1.359818057637324E-002
  1.359855498317481E-002
  1.359903071845828E-002
  1.359955845067132E-002
  1.360002048935070E-002
  1.360040171465662E-002
  1.360076339277552E-002
  1.360115625464130E-002
  1.360157184891030E-002
  1.360194361567591E-002
  1.360219767984131E-002
  1.360234010840154E-002
  1.360247509783789E-002
  1.360262726535953E-002
  1.360267949774456E-002
  1.360256787946617E-002
  1.360233541881387E-002
  1.360204976969384E-002
  1.360173491819757E-002
  1.360135142451294E-002
  1.360082599753254E-002
  1.360012836664563E-002
  1.359934093193872E-002
  1.359855771750560E-002
  1.359771303427888E-002
  1.359670924421136E-002
  1.359556091136393E-002
  1.359434615253489E-002
  1.359312303608874E-002
  1.359188895229194E-002
  1.359058936920848E-002
  1.358917598807615E-002
  1.358769341900009E-002
  1.358626782741811E-002
  1.358491420848100E-002
  1.358352938605484E-002
  1.358208639930208E-002
  1.358065416021257E-002
  1.357931167634043E-002
  1.357808758291907E-002
  1.357694826489324E-002
  1.357583512458861E-002
  1.357474618101282E-002
  1.357378884517069E-002
  1.357304409901416E-002
  1.357243114933211E-002
  1.357187105569972E-002
  1.357139463110457E-002
  1.357107704966914E-002
  1.357096088223366E-002
  1.357102479568018E-002
  1.357120070014093E-002
  1.357143919208321E-002
  1.357179178144559E-002
  1.357236458344669E-002
  1.357312432424567E-002
  1.357395059355363E-002
  1.357481658625261E-002
  1.357577622041878E-002
  1.357687775147399E-002
  1.357811273593404E-002
  1.357941401277661E-002
  1.358070231354039E-002
  1.358197146569016E-002
  1.358331807295761E-002
  1.358477554019100E-002
  1.358622697580270E-002
  1.358759297675947E-002
  1.358890218896664E-002
  1.359021344052850E-002
  1.359154497395364E-002
  1.359285204811014E-002
  1.359405369854693E-002
  1.359510665146809E-002
  1.359607944201275E-002
  1.359706739066379E-002
  1.359801050765998E-002
  1.359879996638875E-002
  1.359943498946174E-002
  1.359998338718372E-002
  1.360049659524133E-002
  1.360096627850739E-002
  1.360133030366898E-002
  1.360152808910917E-002
  1.360158830849776E-002
  1.360163145793427E-002
  1.360168126042205E-002
  1.360163084377037E-002
  1.360143921321063E-002
  1.360116591849074E-002
  1.360088585629015E-002
  1.360062515813079E-002
  1.360034653090328E-002
  1.359998405272381E-002
  1.359952332943059E-002
  1.359906307319529E-002
  1.359869491480032E-002
  1.359834857997008E-002
  1.359793962505942E-002
  1.359749447979015E-002
  1.359709172086603E-002
  1.359678144076576E-002
  1.359654962416416E-002
  1.359633197116821E-002
  1.359607708976816E-002
  1.359583233566156E-002
  1.359571435222231E-002
  1.359571350009886E-002
  1.359571839055940E-002
  1.359570380529751E-002
  1.359573173909025E-002
  1.359586441754495E-002
