 -0.80280798682403542      -0.62831854820251465     
 -0.30678240975866422       -1.0227545087151473     
  0.28862564662804768       -1.0858660683230290     
  0.80378075237049684      -0.84705505998833763     
   1.1198476236158530      -0.39843986634386253     
   1.1729178939070981       0.14374660336808220     
  0.94566039589655637       0.65157497173173462     
  0.47216099197283945       0.98973587421054932     
 -0.14254571017658357        1.0318978007348500     
 -0.70752256213328046       0.71404856553463270     
