   2.2050000000000001        1.4039453732412093   
   2.2100000000000000        1.4831481359787531   
   2.2149999999999999        1.4644062895369778   
   2.2199999999999998        1.7410803277899034   
   2.2249999999999996        1.5924929051681569   
   2.2299999999999995        1.8921663252523571   
   2.2349999999999994        1.7605621416492432   
   2.2399999999999993        1.8450280448638046   
   2.2449999999999992        1.7462254758421660   
   2.2499999999999991        2.1177072159237351   
   2.2549999999999990        2.6086325050909509   
   2.2599999999999989        1.9972173400793343   
   2.2649999999999988        1.8813761248840073   
   2.2699999999999987        2.3823756762747577   
   2.2749999999999986        2.1800919068405271   
   2.2799999999999985        2.5140642272701212   
   2.2849999999999984        2.4369032882470707   
   2.2899999999999983        2.3408548659408948   
   2.2949999999999982        2.2940898057906733   
   2.2999999999999980        2.0094260256017802   
   2.3049999999999979        2.0173477398843351   
   2.3099999999999978        1.8487505853406252   
   2.3149999999999977        1.7348871332277100   
   2.3199999999999976        1.6609424528290466   
   2.3249999999999975        1.6090039046947280   
   2.3299999999999974        1.5767453382487102   
   2.3349999999999973        1.4779240871131840   
   2.3399999999999972        1.4445784060539388   
   2.3449999999999971        1.3976447251922433   
   2.3499999999999970        1.3437963660149761   
   2.3549999999999969        1.3286941487252868   
   2.3599999999999968        1.3018426738654831   
   2.3649999999999967        1.2666827976516923   
   2.3699999999999966        1.2517141026316549   
   2.3749999999999964        1.2184973720735497   
   2.3799999999999963        1.2100559144882850   
   2.3849999999999962        1.1868882275569121   
   2.3899999999999961        1.1752439023323729   
   2.3949999999999960        1.1408478965544882   
   2.3999999999999959        1.1226610859048902   
