   2.2050000000000001  -1.5395066701131193     
   2.2100000000000000  -1.5307307397352765     
   2.2149999999999999  -1.5240783549520720     
   2.2199999999999998  -1.5144701941763303     
   2.2249999999999996  -1.5083541169917720     
   2.2299999999999995  -1.4971634118200257     
   2.2349999999999994  -1.4886014910416423     
   2.2399999999999993  -1.4811772010603872     
   2.2449999999999992  -1.4751179838756852     
   2.2499999999999991  -1.4612714239106444     
   2.2549999999999990  -1.4464900935479637     
   2.2599999999999989  -1.4458833335494956     
   2.2649999999999988  -1.4363708183735124     
   2.2699999999999987  -1.4169510712225426     
   2.2749999999999986  -1.4102436260394771     
   2.2799999999999985  -1.3924022044845226     
   2.2849999999999984  -1.3860882077004637     
   2.2899999999999983  -1.3699251037412716     
   2.2949999999999982  -1.3584156097703302     
   2.2999999999999980  -1.3469389177993063     
   2.3049999999999979  -1.3390690450191756     
   2.3099999999999978  -1.3273873562486691     
   2.3149999999999977  -1.3179034214726135     
   2.3199999999999976  -1.3092521138944562     
   2.3249999999999975  -1.3018311107131924     
   2.3299999999999974  -1.2945649551315375     
   2.3349999999999973  -1.2860868827529428     
   2.3399999999999972  -1.2789389183709896     
   2.3449999999999971  -1.2719718343885797     
   2.3499999999999970  -1.2645641584072824     
   2.3549999999999969  -1.2582523020232184     
   2.3599999999999968  -1.2516319620399330     
   2.3649999999999967  -1.2456829964549530     
   2.3699999999999966  -1.2389314804719986     
   2.3749999999999964  -1.2328290324874058     
   2.3799999999999963  -1.2270326405020404     
   2.3849999999999962  -1.2206338417181959     
   2.3899999999999961  -1.2151839329319554     
   2.3949999999999960  -1.2093542721466739     
   2.3999999999999959  -1.2037859401607325 
