   2.2050000000000001      0.77919457343272280     
   2.2100000000000000      0.76828179386027495     
   2.2149999999999999      0.76203154627605529     
   2.2199999999999998      0.74655465211513072     
   2.2249999999999996      0.74510452751879197     
   2.2299999999999995      0.71985465938254167     
   2.2349999999999994      0.71297670839990690     
   2.2399999999999993      0.70174559482826271     
   2.2449999999999992      0.70298151622514238     
   2.2499999999999991      0.66243497812751240     
   2.2549999999999990      0.59399415550030887     
   2.2599999999999989      0.65593743714391706     
   2.2649999999999988      0.64179014937963574     
   2.2699999999999987      0.55658376819476107     
   2.2749999999999986      0.55905403978852430     
   2.2799999999999985      0.47663521299661177     
   2.2849999999999984      0.46781887441887088     
   2.2899999999999983      0.39805753699500129     
   2.2949999999999982      0.36523820487786218     
   2.2999999999999980      0.32411402598169076     
   2.3049999999999979      0.30870968242058294     
   2.3099999999999978      0.26782410572380916     
   2.3149999999999977      0.24138071519057230     
   2.3199999999999976      0.22072356364272655     
   2.3249999999999975      0.21028134906909063     
   2.3299999999999974      0.20125096329189016     
   2.3349999999999973      0.17953832334670930     
   2.3399999999999972      0.16730947377758418     
   2.3449999999999971      0.15983814779644748     
   2.3499999999999970      0.14500456983389864     
   2.3549999999999969      0.14175409084210533     
   2.3599999999999968      0.13778996745211378     
   2.3649999999999967      0.13280777766469259     
   2.3699999999999966      0.12428650188620674     
   2.3749999999999964      0.11918925869907605     
   2.3799999999999963      0.11659165130563437     
   2.3849999999999962      0.10913589232445836     
   2.3899999999999961      0.10897940332485347     
   2.3949999999999960      0.10228475374175583     
   2.3999999999999959       9.9713034748248788E-002
