   2.2050000000000001          1000000  -1.5395066701131193        1.4039453732412093       0.77919457343272280        4.7539227656185492       0.77919457343272280     
   2.2100000000000000          1000000  -1.5307307397352765        1.4831481359787531       0.76828179386027495        6.4386983416738550       0.76828179386027495     
   2.2149999999999999          1000000  -1.5240783549520720        1.4644062895369778       0.76203154627605529        6.3004271901319848       0.76203154627605529     
   2.2199999999999998          1000000  -1.5144701941763303        1.7410803277899034       0.74655465211513072        14.398883143187510       0.74655465211513072     
   2.2249999999999996          1000000  -1.5083541169917720        1.5924929051681569       0.74510452751879197        8.1308817958363004       0.74510452751879197     
   2.2299999999999995          1000000  -1.4971634118200257        1.8921663252523571       0.71985465938254167        29.675351861485460       0.71985465938254167     
   2.2349999999999994          1000000  -1.4886014910416423        1.7605621416492432       0.71297670839990690        16.191998940817932       0.71297670839990690     
   2.2399999999999993          1000000  -1.4811772010603872        1.8450280448638046       0.70174559482826271        22.779122624715594       0.70174559482826271     
   2.2449999999999992          1000000  -1.4751179838756852        1.7462254758421660       0.70298151622514238        14.702023918104670       0.70298151622514238     
   2.2499999999999991          1000000  -1.4612714239106444        2.1177072159237351       0.66243497812751240        41.655422745175841       0.66243497812751240     
   2.2549999999999990          1000000  -1.4464900935479637        2.6086325050909509       -1.4083517964442536E-003   163.81391740027698       0.59399415550030887     
   2.2599999999999989          1000000  -1.4458833335494956        1.9972173400793343       0.65593743714391706        24.541815696546934       0.65593743714391706     
   2.2649999999999988          1000000  -1.4363708183735124        1.8813761248840073       0.64179014937963574        22.273321582666110       0.64179014937963574     
   2.2699999999999987          1000000  -1.4169510712225426        2.3823756762747577       -1.1008843972205341E-003   102.72599246657718       0.55658376819476107     
   2.2749999999999986          1000000  -1.4102436260394771        2.1800919068405271       0.55887425658897816        76.631824137072186       0.55905403978852430     
   2.2799999999999985          1000000  -1.3924022044845226        2.5140642272701212       -9.4201539762163976E-004   158.79223415337464       0.47663521299661177     
   2.2849999999999984          1000000  -1.3860882077004637        2.4369032882470707        1.1212411971691380E-003   149.52255895634863       0.46781887441887088     
   2.2899999999999983          1000000  -1.3699251037412716        2.3408548659408948      -0.12334354488858748        165.58175304983223       0.39805753699500129     
   2.2949999999999982          1000000  -1.3584156097703302        2.2940898057906733       -5.4640432462046168E-002   161.51649542365601       0.36523820487786218     
   2.2999999999999980          1000000  -1.3469389177993063        2.0094260256017802       -6.0537135847158431E-003   134.87657642814074       0.32411402598169076     
   2.3049999999999979          1000000  -1.3390690450191756        2.0173477398843351       -7.4201027812660410E-003   135.98173315242423       0.30870968242058294     
   2.3099999999999978          1000000  -1.3273873562486691        1.8487505853406252       -1.9807588349990645E-002   118.27232305923403       0.26782410572380916     
   2.3149999999999977          1000000  -1.3179034214726135        1.7348871332277100       -7.2541713816849773E-003   104.58219651687860       0.24138071519057230     
   2.3199999999999976          1000000  -1.3092521138944562        1.6609424528290466        9.8296829751824358E-003   94.774283120596778       0.22072356364272655     
   2.3249999999999975          1000000  -1.3018311107131924        1.6090039046947280       -1.4769371962710920E-003   87.129745069149465       0.21028134906909063     
   2.3299999999999974          1000000  -1.2945649551315375        1.5767453382487102       -6.2494457842216669E-003   82.271988950518008       0.20125096329189016     
   2.3349999999999973          1000000  -1.2860868827529428        1.4779240871131840       -1.2466095368526135E-002   66.727411121077310       0.17953832334670930     
   2.3399999999999972          1000000  -1.2789389183709896        1.4445784060539388        2.2988929941958531E-003   59.394540436170217       0.16730947377758418     
   2.3449999999999971          1000000  -1.2719718343885797        1.3976447251922433       -5.3402269865172221E-003   56.326141610873059       0.15983814779644748     
   2.3499999999999970          1000000  -1.2645641584072824        1.3437963660149761        3.5031033911555143E-003   46.404742129646323       0.14500456983389864     
   2.3549999999999969          1000000  -1.2582523020232184        1.3286941487252868       -7.7658179803931950E-003   47.095665972963801       0.14175409084210533     
   2.3599999999999968          1000000  -1.2516319620399330        1.3018426738654831        2.1246725946357172E-003   42.193968831649322       0.13778996745211378     
   2.3649999999999967          1000000  -1.2456829964549530        1.2666827976516923       -1.8526391953225358E-003   39.540217541245212       0.13280777766469259     
   2.3699999999999966          1000000  -1.2389314804719986        1.2517141026316549        1.2144965769336909E-002   35.108827434437515       0.12428650188620674     
   2.3749999999999964          1000000  -1.2328290324874058        1.2184973720735497        5.0947125871370867E-003   32.947635384174525       0.11918925869907605     
   2.3799999999999963          1000000  -1.2270326405020404        1.2100559144882850        1.0617095973194410E-003   30.649228103058494       0.11659165130563437     
   2.3849999999999962          1000000  -1.2206338417181959        1.1868882275569121       -4.2796017891950444E-003   27.393878361163136       0.10913589232445836     
   2.3899999999999961          1000000  -1.2151839329319554        1.1752439023323729        5.9017399850995389E-003   26.874299560657796       0.10897940332485347     
   2.3949999999999960          1000000  -1.2093542721466739        1.1408478965544882       -7.5518759809333467E-004   23.872516065547881       0.10228475374175583     
   2.3999999999999959          1000000  -1.2037859401607325        1.1226610859048902        2.7755979929922889E-004   22.602171171233589        9.9713034748248788E-002
