   2.2050000000000001  4.7539227656185492         
   2.2100000000000000  6.4386983416738550       
   2.2149999999999999  6.3004271901319848       
   2.2199999999999998  14.398883143187510       
   2.2249999999999996  8.1308817958363004       
   2.2299999999999995  29.675351861485460       
   2.2349999999999994  16.191998940817932       
   2.2399999999999993  22.779122624715594       
   2.2449999999999992  14.702023918104670       
   2.2499999999999991  41.655422745175841       
   2.2549999999999990  163.81391740027698       
   2.2599999999999989  24.541815696546934       
   2.2649999999999988  22.273321582666110       
   2.2699999999999987  102.72599246657718       
   2.2749999999999986  76.631824137072186       
   2.2799999999999985  158.79223415337464       
   2.2849999999999984  149.52255895634863       
   2.2899999999999983  165.58175304983223       
   2.2949999999999982  161.51649542365601       
   2.2999999999999980  134.87657642814074       
   2.3049999999999979  135.98173315242423       
   2.3099999999999978  118.27232305923403       
   2.3149999999999977  104.58219651687860       
   2.3199999999999976  94.774283120596778       
   2.3249999999999975  87.129745069149465       
   2.3299999999999974  82.271988950518008       
   2.3349999999999973  66.727411121077310       
   2.3399999999999972  59.394540436170217       
   2.3449999999999971  56.326141610873059       
   2.3499999999999970  46.404742129646323       
   2.3549999999999969  47.095665972963801       
   2.3599999999999968  42.193968831649322       
   2.3649999999999967  39.540217541245212       
   2.3699999999999966  35.108827434437515       
   2.3749999999999964  32.947635384174525       
   2.3799999999999963  30.649228103058494       
   2.3849999999999962  27.393878361163136       
   2.3899999999999961  26.874299560657796       
   2.3949999999999960  23.872516065547881       
   2.3999999999999959  22.602171171233589   
