 -0.849940142515885      -0.560405982377273     
 -0.393969633666738      -0.996353178886839     
  0.188312962092759       -1.11280017528243     
  0.718905060553483      -0.923971904208791     
   1.07277069136400      -0.508064398291593     
   1.17368908838185       2.759899225936702E-002
  0.988650148846106       0.556512430539879     
  0.536741945187571       0.935212408548773     
 -8.397069276517843E-002   1.01994481362573     
 -0.673982364797943       0.729506676172791     
 -0.992777628519604       0.145125559560468     
 -0.923473365963077      -0.496181588409649     
 -0.537510788860594      -0.967358539242728     
  4.961179620520340E-003  -1.15651792589786     
  0.545878593441541       -1.05052785468190     
  0.956724644664615      -0.694984716245804     
   1.13940167849341      -0.174151706213813     
   1.02928086391447       0.391111448119192     
  0.616216757478957       0.841112542742836     
 -1.056581508200949E-002  0.999830843326489     
 -0.634002873316096       0.765209684269815     
  -1.00341350656254       0.222245382597208     
  -1.00706923607566      -0.402603622743949     
 -0.697474301166796      -0.902548946518314     
 -0.201565851801196       -1.16106111482174     
  0.342565767114733       -1.13827620597515     
  0.805172847773911      -0.847743606026025     
   1.06833998848430      -0.348853282770779     
   1.03556292069708       0.245438282811916     
  0.666974610947844       0.759263513359010     
  4.617063017377876E-002  0.986182970426448     
 -0.594956352939220       0.812536824780965     
  -1.00875764325822       0.324456184677124     
  -1.08708538945465      -0.273626277995228     
 -0.857655490209084      -0.795403542333782     
 -0.414076681147547       -1.11888355753514     
  0.126299511811983       -1.17911479723004     
  0.635166926372982      -0.957938859683345     
  0.976542229717175      -0.487971762807270     
   1.02160165077386       0.127084467281832     
  0.702239884279922       0.694340745014457     
  0.101341315984468       0.982208691106660     
 -0.542209340042602       0.875164587607740     
 -0.994444489156305       0.452824194177308     
  -1.14669784374835      -0.109775127669033     
 -0.999348093088727      -0.646142540296249     
 -0.613190919791316       -1.02967855012592     
 -8.349159182926580E-002  -1.17238155926858     
  0.465613290489920       -1.02446353983928     
  0.881295655884812      -0.590053966714712     
   1.00219704501149       3.628560244712442E-002
  0.736523058222362       0.643774955564301     
  0.170482194963250       0.985408066665878     
 -0.462132637820011       0.949869080352781     
 -0.946511397772958       0.601063415927971     
  -1.16992620830058       8.138410332910395E-002
  -1.10535395877259      -0.462242436470525     
 -0.781347547249126      -0.900588505075997     
 -0.269331065953789       -1.12469887230943     
  0.313200904418929       -1.05296438199134     
  0.796987864848813      -0.660024885209331     
  0.989090293227839      -3.354685357833131E-002
  0.782127283540981       0.599003824411046     
  0.265293602688237       0.988168224438851     
 -0.345254861523932        1.02717655695237     
 -0.855062991911949       0.756960572311749     
  -1.14566928730272       0.286566250209667     
  -1.16395819886129      -0.257113896014449     
 -0.906654723282244      -0.744772224120441     
 -0.419417794957927       -1.04839490213811     
  0.188710084287113       -1.05413335939396     
  0.731517516412254      -0.707637780721555     
  0.988111282501508      -9.405524822513645E-002
  0.845498954310707       0.548090243175890     
  0.389946460045369       0.979077557795853     
 -0.189252041630125        1.09315405025173     
 -0.717442848192229       0.904395760371385     
  -1.07065249260443       0.488840567990404     
  -1.17158882457511      -4.780638700980772E-002
 -0.985313858982298      -0.578908677907820     
 -0.529864991703605      -0.958860595888061     
  9.477675079406078E-002  -1.04118430516107     
  0.684479509484495      -0.745651335555648     
  0.998255003946852      -0.159589171490975     
  0.925397826527207       0.478110844349452     
  0.540123487310062       0.945045409227779     
  9.402640136058071E-005   1.13236983748197     
 -0.539319006771853        1.02635603747453     
 -0.950215746077743       0.670615109599730     
  -1.13321427187148       0.148036703359545     
  -1.02161147212705      -0.420035718978177     
 -0.604445630064628      -0.871182008812504     
  2.607621406138261E-002  -1.02663595282677     
  0.648020432439053      -0.786959821198316     
   1.01233225039563      -0.243353349202152     
   1.01317383785665       0.377921114736504     
  0.704228666329347       0.874390110597555     
  0.209998270636314        1.13152512269326     
 -0.333564708813322        1.10862415131409     
 -0.796996072471740       0.817348468107870     
  -1.06081436507476       0.315876929668949     
  -1.02618506419695      -0.281874041467361     
 -0.652887518059459      -0.796515782603485     
 -2.891581962429379E-002  -1.01930263745394     
  0.609582149000596      -0.841135912320784     
   1.01854536668952      -0.353343095024234     
   1.09464146756608       0.241374770520507     
  0.865680423274085       0.760364339878731     
  0.423014605931192        1.08288929580112     
 -0.117725083113951        1.14297029216827     
 -0.628197710682776       0.920557692288175     
 -0.970472418247986       0.447184730996265     
  -1.01312602505244      -0.171853236031305     
 -0.688550139341340      -0.739332949572526     
 -8.535284766797990E-002  -1.02251377263016     
  0.554901046390829      -0.911818859759931     
   1.00283169069679      -0.490365716615873     
   1.15330826215764       6.922788474275798E-002
   1.00623336024990       0.603435564555833     
  0.620334992497144       0.986426817306256     
