 -0.98825097084045410        8.4997788071632385E-002
  -1.0130967378616333        2.2175226807594303E-002
  -1.0339487301909529       -4.0990832236745309E-002
  -1.0509609504459461      -0.10424093835522454     
  -1.0642927435383689      -0.16734513417082769     
  -1.0741059468051903      -0.23010033404614194     
  -1.0805626451639270      -0.29232777051463160     
  -1.0838234331050958      -0.35387056311083731     
  -1.0840460958471758      -0.41459144281752314     
  -1.0813846332154124      -0.47437064970283416     
  -1.0759885608233379      -0.53310401009654906     
  -1.0680024333847635      -0.59070119187496317     
  -1.0575655441846903      -0.64708413126231812     
  -1.0448117627889255      -0.70218562133957796     
  -1.0298694799842008      -0.75594805064583381     
  -1.0128616347873327      -0.80832227945186641     
 -0.99390580324999345      -0.85926664116756968     
 -0.97311433283355053      -0.90874605668327291     
 -0.95059450945438539      -0.95673125007030546     
 -0.92644874701477531       -1.0031980548572192     
 -0.90077479143747585       -1.0481268009698730     
 -0.87366593300085182       -1.0915017733178993     
 -0.84521122220075406       -1.1333107338883819     
 -0.81549568550879215       -1.1735445000454943     
 -0.78460053830732457       -1.2121965725180985     
 -0.75260339300343582       -1.2492628072785754     
 -0.71957846089369581       -1.2847411261729480     
 -0.68559674679832572       -1.3186312617553215     
 -0.65072623583176559       -1.3509345323114499     
 -0.61503207194624843       -1.3816536435307016     
 -0.57857672809175842       -1.4107925137073056     
 -0.54142016799257331       -1.4383561197252128     
 -0.50361999965781323       -1.4643503614109177     
 -0.46523162082938208       -1.4887819421296413     
 -0.42630835663206390       -1.5116582637566385     
 -0.38690158973268218       -1.5329873343809632     
 -0.34706088334240615       -1.5527776872973758     
 -0.30683409741190781       -1.5710383100164187     
 -0.26626749837583741       -1.5877785821759232     
 -0.22540586280314379       -1.6030082213718839     
 -0.18429257530481549       -1.6167372360450496     
 -0.14296972104199715       -1.6289758846637294     
 -0.10147817316619193       -1.6397346405349791     
  -5.9857675510214758E-002  -1.6490241616570673     
  -1.8146920834346394E-002  -1.6568552650973092     
   2.3616375082754895E-002  -1.6632389054421661     
   6.5395403234028593E-002  -1.6681861569220344     
  0.10715419479574828       -1.6717081988622620     
  0.14885755791694599       -1.6738163041554801     
  0.19047101765717903       -1.6745218304889984     
  0.23196075885759604       -1.6738362140954142     
  0.27329357174406932       -1.6717709658252704     
  0.31443680007444264       -1.6683376693680272     
  0.35535829165468258       -1.6635479814722156     
  0.39602635106092121       -1.6574136340377748     
  0.43640969441605254       -1.6499464379735553     
  0.47647740608072414       -1.6411582887310918     
  0.51619889712928468       -1.6310611734422396     
  0.55554386549154666       -1.6196671796033699     
  0.59448225765115548       -1.6069885052626993     
  0.63298423180096575       -1.5930374706801727     
  0.67102012236518016       -1.5778265314412756     
  0.70856040580715363       -1.5613682930173429     
  0.74557566765078143       -1.5436755267754820     
  0.78203657065233234       -1.5247611874512432     
  0.81791382406853264       -1.5046384321067268     
  0.85317815397572971       -1.4833206406060047     
  0.88780027460413757       -1.4608214376486146     
  0.92175086066058554       -1.4371547164105150     
  0.95500052062293428       -1.4123346638503180     
  0.98751977099949473       -1.3863757877468756     
   1.0192790115574815       -1.3592929455424116     
   1.0502485015358662       -1.3311013750733873     
   1.0803983368700858       -1.3018167272791543     
   1.1096984284690299       -1.2714551009861836     
   1.1381184815987231       -1.2400330798732444     
   1.1656279764422752       -1.2075677717302815     
   1.1921961499221518       -1.1740768501308800     
   1.2177919788888001       -1.1395785986449936     
   1.2423841647993230       -1.1040919577249788     
   1.2659411200314290       -1.0676365744037692     
   1.2884309560015035       -1.0302328549490798     
   1.3098214732815747      -0.99190202062166710     
   1.3300801539384037      -0.95266616668861137     
   1.3491741563491662      -0.91254832484406323     
   1.3670703127824533      -0.87157252918953920     
   1.3837351300708522      -0.82976388592324113     
   1.3991347937424152      -0.78714864688251307     
   1.4132351760231312      -0.74375428707484903     
   1.4260018481712873      -0.69960958632014170     
   1.4374000976575296      -0.65474471510930921     
   1.4473949507616377      -0.60919132476113669     
   1.4559512012185796      -0.56298264192904868     
   1.4630334456122775      -0.51615356747137087     
   1.4686061262855337      -0.46874077965105887     
   1.4726335826084056      -0.42078284157229828     
   1.4750801115244609      -0.37232031269006804     
   1.4759100383739547      -0.32339586414276095     
   1.4750877990739328      -0.27405439755514693     
   1.4725780348160111      -0.22434316683704175     
   1.4683457005210563      -0.17431190235956170     
   1.4623561883635470      -0.12401293672325601     
   1.4545754677436364       -7.3501331138133841E-002
   1.4449702431376799       -2.2835001212134054E-002
   1.4335081312930329        2.7925159310382586E-002
   1.4201578592440285        7.8715158606922395E-002
   1.4048894846057118       0.12946779270182091     
   1.3876746395413804       0.18011253968592386     
   1.3684867996891064       0.23057546505131152     
   1.3473015791596983       0.28077914138509830     
   1.3240970524712290       0.33064258611649600     
   1.2988541039494885       0.38008122148005830     
   1.2715568046850338       0.42900686133389293     
   1.2421928165813307       0.47732772993893813     
   1.2107538223410343       0.52494851824349775     
   1.1772359794069029       0.57177048359990523     
   1.1416403948917657       0.61769159913522120     
   1.1039736173953185       0.66260675916690992     
   1.0642481403186987       0.70640804705330162     
   1.0224829098652719       0.74898507164824379     
  0.97870382938489908       0.79022537803744197     
  0.93294425012145321       0.83001493741793497     
  0.88524543681919043       0.86823871979274247     
  0.83565699511120162       0.90478135154925998     
  0.78423724624990920       0.93952785794641425     
  0.73105353365986769       0.97236448804753017     
  0.67618244512443360        1.0031796167278633     
  0.61970993429371779        1.0318647151182065     
  0.56173132575136508        1.0583153773204934     
  0.50235118921540456        1.0824323875933455     
  0.44168307065577461        1.1041228086430697     
  0.37984907122353423        1.1233010683927276     
  0.31697926887841044        1.1398900198864104     
  0.25321098237406059        1.1538219470710915     
  0.18868788263837422        1.1650394883203039     
  0.12355896231824812        1.1734964499147154     
   5.7977380030172457E-002   1.1791584833974329     
  -7.9007986866185126E-003   1.1820036038078447     
  -7.3917936947357210E-002   1.1820225301920739     
 -0.13991620812312472        1.1792188353054898     
 -0.20573899054009037        1.1736088977765147     
 -0.27123224144675545        1.1652216568243998     
 -0.33624581711663326        1.1540981765019118     
 -0.40063470821201852        1.1402910329430762     
 -0.46426016319309193        1.1238635438437119     
 -0.52699067735157579        1.1048888640639198     
 -0.58870283064054685        1.0834489745882303     
 -0.64928196348330336        1.0596335939936647     
 -0.70862268579358834        1.0335390420554424     
 -0.76662922017811763        1.0052670842653051     
 -0.82321558543043660       0.97492378403314928     
 -0.87830563074944656       0.94261838643124274     
 -0.93183293449724525       0.90846225379341650     
 -0.98374058370166262       0.87256786957344401     
  -1.0339808519334466       0.83504792285159657     
  -1.0825147937280286       0.79601448197410130     
  -1.1293117734988272       0.75557826218893054     
  -1.1743489460477425       0.71384798892549062     
  -1.2176107044711526       0.67092985562986596     
  -1.2590881096338691       0.62692707284316307     
  -1.2987783135729685       0.58193950349492640     
  -1.3366839873125431       0.53606337814665450     
  -1.3728127617115162       0.48939108311397711     
  -1.4071766881996348       0.44201101396117282     
  -1.4397917246305190       0.39400748673511310     
  -1.4706772500257053       0.34546069942454760     
  -1.4998556107151158       0.29644673643595948     
  -1.5273516993003819       0.24703760931621349     
  -1.5531925669719744       0.19730132747941762     
  -1.5774070689869428       0.14730199327303956     
  -1.6000255425451282        9.7099916316075091E-002
  -1.6210795158697786        4.6751742636579871E-002
  -1.6406014469848103       -3.6894052901327024E-003
  -1.6586244904671015       -5.4173780959939320E-002
  -1.6751822903209468      -0.10465486157133669     
  -1.6903087970574180      -0.15508919347000508     
  -1.7040381070499415      -0.20543623729699872     
  -1.7164043222668288      -0.25565821446768400     
  -1.7274414285414894      -0.30571995628980564     
  -1.7371831906230337      -0.35558875675234380     
  -1.7456630623468783      -0.40523422977892704     
  -1.7529141103711061      -0.45462817153697554     
  -1.7589689500352101      -0.50374442822284404     
  -1.7638596920099696      -0.55255876960044614     
  -1.7676178985179181      -0.60104876845275279     
  -1.7702745480112256      -0.64919368600896088     
  -1.7718600072964521      -0.69697436333209273     
  -1.7724040101926164      -0.74437311858963751     
  -1.7719356418998109      -0.79137365008120608     
  -1.7704833283398840      -0.83796094485992778     
  -1.7680748298084685      -0.88412119275661472     
  -1.7647372383489213      -0.92984170559595436     
  -1.7604969783237825      -0.97511084138075999     
  -1.7553798097184492       -1.0199179332124257     
  -1.7494108337652090       -1.0642532227121713     
  -1.7426145005239919       -1.1081077977075628     
  -1.7350146180995252       -1.1514735339514299     
  -1.7266343632134260       -1.1943430406450488     
  -1.7174962928845050       -1.2367096095438352     
  -1.7076223570015419       -1.2785671674313470     
  -1.6970339116003859       -1.3199102317558040     
  -1.6857517326817510       -1.3607338692323059     
  -1.6737960304278126       -1.4010336572232336     
  -1.6611864636949620       -1.4408056477187805     
  -1.6479421546770885       -1.4800463337490199     
  -1.6340817036487616       -1.5187526180682778     
  -1.6196232037109173       -1.5569217839617331     
  -1.6045842554732730       -1.5945514680330704     
  -1.5889819816179134       -1.6316396348405926     
  -1.5728330412974354       -1.6681845532574457     
  -1.5561536443288768       -1.7041847744394745     
  -1.5389595651514945       -1.7396391112917282     
  -1.5212661565224206       -1.7745466193317354     
  -1.5030883629294212       -1.8089065788543885     
  -1.4844407337044789       -1.8427184783096229     
  -1.4653374358258306       -1.8759819988100361     
  -1.4457922663994542       -1.9086969996912082     
  -1.4258186648139062       -1.9408635050527361     
  -1.4054297245648952       -1.9724816912129299     
  -1.3846382047481114       -2.0035518750147223     
  -1.3634565412206354       -2.0340745029246539     
  -1.3418968574327936       -2.0640501408708154     
  -1.3199709749336082       -2.0934794647693864     
  -1.2976904235540752       -2.1223632516928994     
  -1.2750664512733945       -2.1507023716366245     
  -1.2521100337740074       -2.1784977798424983     
  -1.2288318836918910       -2.2057505096428525     
  -1.2052424595690281       -2.2324616657888168     
  -1.1813519745153347       -2.2586324182307220     
  -1.1571704045876052       -2.2842639963200999     
  -1.1327074968932254       -2.3093576834049871     
  -1.1079727774265362       -2.3339148117922095     
  -1.0829755586458019       -2.3579367580521469     
  -1.0577249467987517       -2.3814249386431716     
  -1.0322298490046553       -2.4043808058345402     
  -1.0064989801008251       -2.4268058439079692     
 -0.98054086926136297       -2.4487015656195039     
 -0.95436386639585746       -2.4700695089045430     
 -0.92797614833560549       -2.4909112338100625     
 -0.90138572481479196       -2.5112283196391756     
 -0.87460044425390004       -2.5310223622941845     
 -0.84762799935245536       -2.5502949718052204     
 -0.82047593249803263       -2.5690477700324488     
 -0.79315164099827051       -2.5872823885306384     
 -0.76566238214245330       -2.6050004665656470     
 -0.73801527809903145       -2.6222036492730862     
 -0.71021732065526244       -2.6388935859500915     
 -0.68227537580496400       -2.6550719284717244     
 -0.65419618819018421       -2.6707403298241199     
 -0.62598638540240659       -2.6859004427470086     
 -0.59765248214872324       -2.7005539184787493     
 -0.56920088428823024       -2.7147024055974618     
 -0.54063789274372109       -2.7283475489522830     
 -0.51196970729358104       -2.7414909886791707     
 -0.48320243024861625       -2.7541343592960486     
 -0.45434207001838689       -2.7662792888724410     
 -0.42539454457145343       -2.7779273982690662     
 -0.39636568479379036       -2.7890803004431630     
 -0.36726123774947028       -2.7997395998156103     
 -0.33808686984757635       -2.8099068916961607     
 -0.30884816991916036       -2.8195837617633615     
 -0.27955065220792719       -2.8287717855959631     
 -0.25019975927819538       -2.8374725282528384     
 -0.22080086484355785       -2.8456875438986295     
 -0.19135927651954374       -2.8534183754725424     
 -0.16188023850346667       -2.8606665543978709     
 -0.13236893418453097       -2.8674336003300156     
 -0.10283048868715990       -2.8737210209409056     
  -7.3269971350405513E-002  -2.8795303117378879     
  -4.3692398146200448E-002  -2.8848629559152816     
  -1.4102734039116129E-002  -2.8897204242369265     
   1.5494104709799859E-002  -2.8941041749481791     
   4.5093248292622151E-002  -2.8980156537159174     
   7.4689871155180887E-002  -2.9014562935952357     
  0.10427918984640951       -2.9044275150216015     
  0.13385646091416356       -2.9069307258273502     
  0.16341697884534090       -2.9089673212814842     
  0.19295607404820370       -2.9105386841518239     
  0.22246911087487001       -2.9116461847886503     
  0.25195148568200704       -2.9122911812290453     
  0.28139862492781903       -2.9124750193212208     
  0.31080598330348153       -2.9121990328681893     
  0.34016904189722913       -2.9114645437902014     
  0.36948330638935706       -2.9102728623054386     
  0.39874430527644733       -2.9086252871285114     
  0.42794758812317862       -2.9065231056863703     
  0.45708872384012411       -2.9039675943512995     
  0.48616329898598581       -2.9009600186907090     
  0.51516691609275456       -2.8975016337335036     
  0.54409519201232437       -2.8935936842528540     
  0.57294375628312755       -2.8892374050652418     
  0.60170824951539126       -2.8844340213457063     
  0.63038432179365034       -2.8791847489592635     
  0.65896763109518319       -2.8734907948085175     
  0.68745384172306689       -2.8673533571975240     
  0.71583862275257615       -2.8607736262120200     
  0.74411764648967804       -2.8537527841161729     
  0.77228658694039976       -2.8462920057660450     
  0.80034111828986909       -2.8383924590400191     
  0.82827691338985243       -2.8300553052864705     
  0.85608964225363393       -2.8212816997890156     
  0.88377497055710119       -2.8120727922497131     
  0.91132855814492031       -2.8024297272906376     
  0.93874605754070251       -2.7923536449742903     
  0.96602311246007933       -2.7818456813433561     
  0.99315535632562113       -2.7709069689803654     
   1.0201384107825471       -2.7595386375878639     
   1.0469678842141890       -2.7477418145897414     
   1.0736393702561851       -2.7355176257544236     
   1.1001484463083926       -2.7228671958406760     
   1.1264906720435193       -2.7097916492668261     
   1.1526615879114832       -2.6962921108042579     
   1.1786567136385280       -2.6823697062960949     
   1.2044715467201208       -2.6680255634020376     
   1.2301015609066803       -2.6532608123703842     
   1.2555422046811853       -2.6380765868383254     
   1.2807888997277264       -2.6224740246616594     
   1.3058370393900744       -2.6064542687751544     
   1.3306819871193458       -2.5900184680848355     
   1.3553190749098574       -2.5731677783935569     
   1.3797436017222722       -2.5559033633612929     
   1.4039508318931504       -2.5382263955016495     
   1.4279359935300260       -2.5201380572161924     
   1.4516942768911474       -2.5016395418682604     
   1.4752208327490288       -2.4827320548980256     
   1.4985107707369745       -2.4634168149806541     
   1.5215591576777521       -2.4436950552295160     
   1.5443610158936090       -2.4235680244464941     
   1.5669113214968411       -2.4030369884215470     
   1.5892050026601472       -2.3821032312837929     
   1.6112369378660181       -2.3607680569064939     
   1.6330019541344396       -2.3390327903684454     
   1.6544948252282132       -2.3168987794743980     
   1.6757102698352255       -2.2943673963372815     
   1.6966429497270368       -2.2714400390251246     
   1.7172874678931893       -2.2481181332757321     
   1.7376383666506832       -2.2244031342823134     
   1.7576901257281079       -2.2002965285534359     
   1.7774371603239747       -2.1757998358508366     
   1.7968738191388440       -2.1509146112088016     
   1.8159943823809128       -2.1256424470390214     
   1.8347930597447901       -2.0999849753250110     
   1.8532639883632698       -2.0739438699104014     
   1.8714012307319945       -2.0475208488856160     
   1.8891987726069979       -2.0207176770776814     
   1.9066505208752185       -1.9935361686481434     
   1.9237503013981958       -1.9659781898043289     
   1.9404918568292826       -1.9380456616294324     
   1.9568688444048543       -1.9097405630371975     
   1.9728748337101463       -1.8810649338572372     
   1.9885033044205269       -1.8520208780573404     
   2.0037476440191995       -1.8226105671094277     
   2.0186011454925352       -1.7928362435061398     
   2.0330570050044696       -1.7627002244353913     
   2.0471083195516426       -1.7322049056205744     
   2.0607480846012449       -1.7013527653344713     
   2.0739691917138301       -1.6701463685953257     
   2.0867644261536897       -1.6385883715539229     
   2.0991264644897512       -1.6066815260809528     
   2.1110478721903601       -1.5744286845643691     
   2.1225211012157472       -1.5418328049269079     
   2.1335384876124577       -1.5088969558744041     
   2.1440922491145522       -1.4756243223860279     
   2.1541744827569573       -1.4420182114580717     
   2.1637771625069786       -1.4080820581134288     
   2.1728921369206691       -1.3738194316894492     
   2.1815111268315062       -1.3392340424173947     
   2.1896257230796428       -1.3043297483072838     
   2.1972273842908954       -1.2691105623524810     
   2.2043074347156080       -1.2335806600689689     
   2.2108570621385946       -1.1977443873848248     
   2.2168673158725243       -1.1616062688960114     
   2.2223291048483702       -1.1251710165051816     
   2.2272331958179232       -1.0884435384607811     
   2.2315702116848630       -1.0514289488143007     
   2.2353306299825055       -1.0141325773140959     
   2.2385047815181069      -0.97655997975471986     
   2.2410828492055264      -0.93871694880122125     
   2.2430548671101214      -0.90060952530832250     
   2.2444107197320089      -0.86224401015480279     
   2.2451401415562562      -0.82362697661376005     
   2.2452327169012136      -0.78476528327969086     
   2.2446778800990446      -0.74566608757350195     
   2.2434649160455984      -0.70633685984662553     
   2.2415829611600802      -0.66678539810532922     
   2.2390210047985581      -0.62701984337607664     
   2.2357678911691936      -0.58704869573236274     
   2.2318123218012058      -0.54688083100280349     
   2.2271428586240161      -0.50652551817935287     
   2.2217479277177565      -0.46599243754332059     
   2.2156158238013863      -0.42529169952532547     
   2.2087347155300523      -0.38443386431338411     
   2.2010926516790628      -0.34342996222095817     
   2.1926775682979218      -0.30229151482389416     
   2.1834772969242842      -0.26103055687172294     
   2.1734795739544510      -0.21965965897466516     
   2.1626720512741162      -0.17819195106282751     
   2.1510423082604664      -0.13664114660838492     
   2.1385778652744154       -9.5021567594920947E-002
   2.1252661987696877       -5.3348170210437043E-002
   2.1110947581535786       -1.1636571231721952E-002
   2.0960509845424733        3.0096924942329982E-002
   2.0801223315635040        7.1835298662383043E-002
   2.0632962883619648       0.11356078687231644     
   2.0455604049821514       0.15525485450666654     
   2.0269023202970131       0.19689816554029088     
   2.0073097926691861       0.23847055380734297     
   1.9867707335324101       0.27995099372746596     
   1.9652732440877632       0.32131757110024400     
   1.9428056553132487       0.36254745415453471     
   1.9193565714877170       0.40361686506746364     
   1.8949149174304605       0.44450105219869462     
   1.8694699896556490       0.48517426331916269     
   1.8430115116355319       0.52560972014979401     
   1.8155296933574507       0.56577959456480498     
   1.7870152953465333       0.60565498685586716     
   1.7574596973077616       0.64520590649755571     
   1.7268549715171713       0.68440125590076195     
   1.6951939610614202       0.72320881768872536     
   1.6624703629870212       0.76159524607944207     
   1.6286788163742785       0.79952606300768969     
   1.5938149952955418       0.83696565966881264     
   1.5578757065519435       0.87387730421357346     
   1.5208589920065398       0.91022315636736417     
   1.4827642352440831       0.94596428978621061     
   1.4435922721880083       0.98106072299432800     
   1.4033455051933774        1.0154714597712602     
   1.3620280200105366        1.0491545398683348     
   1.3196457048785590        1.0820671009315319     
   1.2762063708610836        1.1141654524879099     
   1.2317198723814269        1.1454051628123252     
   1.1861982267510025        1.1757411594271401     
   1.1396557313180311        1.2051278438967896     
   1.0921090766959949        1.2335192214585589     
   1.0435774543678593        1.2608690458781466     
  0.99408265680821872        1.2871309797316304     
  0.94364916812749755        1.3122587700931696     
  0.89230424312721612        1.3362064393501669     
  0.84007797257073002        1.3589284905759342     
  0.78700333242778808        1.3803801265670970     
  0.73311621485177303        1.4005174813036585     
  0.67845543870332436        1.4192978622205017     
  0.62306273755012409        1.4366800012987502     
  0.56698272325560051        1.4526243126045211     
  0.51026282352296115        1.4670931535336200     
  0.45295319208672336        1.4800510866776602     
  0.39510659064032083        1.4914651389249372     
  0.33677824205069079        1.5013050541635908     
  0.27802565493075271        1.5095435357801990     
  0.21890842020652462        1.5161564750578016     
  0.15948798091202077        1.5211231615851220     
   9.9827377053751831E-002   1.5244264719020235     
   3.9990967986980389E-002   1.5260530328297157     
  -1.9955864684181077E-002   1.5259933562680232     
  -7.9947030153583953E-002   1.5242419426813063     
 -0.13991605343461055        1.5207973510293855     
 -0.19979640803496374        1.5156622335152152     
 -0.25952185172322889        1.5088433341978431     
 -0.31902676070677582        1.5003514512347271     
 -0.37824645754879144        1.4902013632467768     
 -0.43711752828826356        1.4784117210166350     
 -0.49557812448540922        1.4650049064102677     
 -0.55356824628574863        1.4500068610303360     
 -0.61103000306336197        1.4334468876466757     
 -0.66790784874859699        1.4153574278882799     
 -0.72414878954574013        1.3957738200111578     
 -0.77970256237869562        1.3747340407712616     
 -0.83452178304426394        1.3522784355305866     
 -0.88856206368108859        1.3284494407117544     
 -0.94178209975789628        1.3032913026004296     
 -0.99414372733048451        1.2768497962878917     
  -1.0456119517998017        1.2491719482626493     
  -1.0961549498140795        1.2203057658163774     
  -1.1457440462908475        1.1902999760425392     
  -1.1943536687879872        1.1592037767923673     
  -1.2419612816282182        1.1270666015279851     
  -1.2885473022827660        1.0939378995902791     
  -1.3340950025537903        1.0598669329916162     
  -1.3785903970693463        1.0249025904603628     
  -1.4220221215280624       0.98909321911279591     
  -1.4643813030125932       0.95248647381357543     
  -1.5056614245404583       0.91512918401156829     
  -1.5458581858469074       0.87706723760472494     
  -1.5849693622050272       0.83834548119561425     
  -1.6229946628906617       0.79900763594655144     
  -1.6599355907000313       0.75909622812749489     
  -1.6957953037313853       0.71865253336783064     
  -1.7305784804527378       0.67771653357118600     
  -1.7642911888988742       0.63632688542666516     
  -1.7969407606746632       0.59452089944651398     
  -1.8285356702897335       0.55233452847542130     
  -1.8590854202126175       0.50980236464689987     
  -1.8886004319107679       0.46695764380418403     
  -1.9170919430362363       0.42383225645389533     
  -1.9445719108247246       0.38045676437776788     
  -1.9710529216973931       0.33686042208875933     
  -1.9965481069892557       0.29307120238101070     
  -2.0210710646741434       0.24911582528679793     
  -2.0446357869129304       0.20501978981657620     
  -2.0672565932178375       0.16080740791946235     
  -2.0889480690000575       0.11650184016027421     
  -2.1097250092495781        7.2125132665000036E-002
  -2.1296023670839146        2.7698254938928829E-002
  -2.1485952068955760       -1.6758861789595465E-002
  -2.1667186618256036       -6.1227286001837723E-002
  -2.1839878952916942      -0.10568904735855192     
  -2.2004180663035484      -0.15012709843032507     
  -2.2160242983045815      -0.19452527687765603     
  -2.2308216512874703      -0.23886826823948049     
  -2.2448250969407293      -0.28314156946152191     
  -2.2580494965942370      -0.32733145327153851     
  -2.2705095817430361      -0.37142493348702987     
  -2.2822199369405327      -0.41540973132204589     
  -2.2931949848642170      -0.45927424274318185     
  -2.3034489733689969      -0.50300750691043750     
  -2.3129959643550766      -0.54659917572615713     
  -2.3218498242888757      -0.59003948450455856     
  -2.3300242162266920      -0.63331922376521765     
  -2.3375325932015927      -0.67642971214613423     
  -2.3443881928443435      -0.71936277042550512     
  -2.3506040331189824      -0.76211069663592712     
  -2.3561929090629463      -0.80466624225031624     
  -2.3611673904304138      -0.84702258941524045     
  -2.3655398201457469      -0.88917332920451209     
  -2.3693223134816375      -0.93111244086367695     
  -2.3725267578837372      -0.97283427201438277     
  -2.3751648133702679       -1.0143335197864352     
  -2.3772479134413116       -1.0556052128445810     
  -2.3787872664382670       -1.0966446942766415     
  -2.3797938572992785       -1.1374476053094900     
  -2.3802784496613802       -1.1780098698194961     
  -2.3802515882646347       -1.2183276796043827     
  -2.3797236016177274       -1.2583974803839404     
  -2.3787046048883176       -1.2982159584976811     
  -2.3772045029849735       -1.3377800282682568     
  -2.3752329938007515       -1.3770868200003026     
  -2.3727995715914361       -1.4161336685852648     
  -2.3699135304641619       -1.4549181026837195     
  -2.3665839679546141       -1.4934378344576733     
  -2.3628197886732560       -1.5316907498263415     
  -2.3586297080030887       -1.5696748992199125     
  -2.3540222558333164       -1.6073884888068279     
  -2.3490057803150046       -1.6448298721711136     
  -2.3435884516263519       -1.6819975424173053     
  -2.3377782657366155       -1.7188901246814854     
  -2.3315830481589961       -1.7555063690279209     
  -2.3250104576839479       -1.7918451437117202     
  -2.3180679900854302       -1.8279054287888461     
  -2.3107629817935531       -1.8636863100557022     
  -2.3031026135279360       -1.8991869733013647     
  -2.2950939138868645       -1.9344066988563544     
  -2.2867437628880296       -1.9693448564226359     
  -2.2780588954572596       -2.0040009001702908     
  -2.2690459048622165       -2.0383743640870433     
  -2.2597112460885431       -2.0724648575675104     
  -2.2500612391563948       -2.1062720612297241     
  -2.2401020723756977       -2.1397957229470994     
  -2.2298398055388433       -2.1730356540846438     
  -2.2192803730498536       -2.2059917259287714     
  -2.2084295869893342       -2.2386638663006444     
  -2.1972931401148017       -2.2710520563434882     
  -2.1858766087961894       -2.3031563274748268     
  -2.1741854558865441       -2.3349767584950554     
  -2.1622250335281024       -2.3665134728442259     
  -2.1500005858940914       -2.3977666359993433     
  -2.1375172518667371       -2.4287364530048774     
  -2.1247800676520825       -2.4594231661295827     
  -2.1117939693323216       -2.4898270526430824     
  -2.0985637953564447       -2.5199484227060189     
  -2.0850942889700663       -2.5497876173679015     
  -2.0713901005853765       -2.5793450066670918     
  -2.0574557900922001       -2.6086209878276643     
  -2.0432958291112104       -2.6376159835481552     
  -2.0289146031903633       -2.6663304403774770     
  -2.0143164139456622       -2.6947648271735281     
  -1.9995054811473767       -2.7229196336402621     
  -1.9844859447528598       -2.7507953689392024     
  -1.9692618668871202       -2.7783925603716031     
  -1.9538372337723116       -2.8057117521276571     
  -1.9382159576073035       -2.8327535040993386     
  -1.9224018783985015       -2.8595183907536494     
  -1.9063987657430737       -2.8860070000632092     
  -1.8902103205657392       -2.9122199324912850     
  -1.8738401768102648       -2.9381578000285118     
  -1.8572919030867991       -2.9638212252787008     
  -1.8405690042761678       -2.9892108405912623     
  -1.8236749230922318       -3.0143272872379017     
  -1.8066130416033990       -3.0391712146313714     
  -1.7893866827143592       -3.0637432795841733     
  -1.7719991116090967       -3.0880441456052123     
  -1.7544535371562107       -3.1120744822325155     
  -1.7367531132775604       -3.1358349644002153     
  -1.7189009402812270       -3.1593262718380966     
  -1.7009000661597631       -3.1825490885020935     
  -1.6827534878546833       -3.2055041020342014     
  -1.6644641524881247       -3.2281920032503506     
  -1.6460349585625864       -3.2506134856548616     
  -1.6274687571296345       -3.2727692449801720     
  -1.6087683529284404       -3.2946599787505932     
  -1.5899365054949957       -3.3162863858689136     
  -1.5709759302428266       -3.3376491662247290     
  -1.5518892995160130       -3.3587490203234371     
  -1.5326792436152925       -3.3795866489348856     
  -1.5133483517980113       -3.4001627527607101     
  -1.4938991732526639       -3.4204780321194557     
  -1.4743342180487429       -3.4405331866486115     
  -1.4546559580626017       -3.4603289150227385     
  -1.4348668278800136       -3.4798659146869051     
  -1.4149692256760897       -3.4991448816046904     
  -1.3949655140732056       -3.5181665100200474     
  -1.3748580209775596       -3.5369314922323549     
  -1.3546490403949798       -3.5554405183840179     
  -1.3343408332265663       -3.5736942762600137     
  -1.3139356280447505       -3.5916934510988030     
  -1.2934356218503300       -3.6094387254140576     
  -1.2728429808110218       -3.6269307788266856     
  -1.2521598409820651       -3.6441702879066526     
  -1.2313883090093867       -3.6611579260241331     
  -1.2105304628158253       -3.6778943632095356     
  -1.1895883522709032       -3.6943802660219802     
  -1.1685639998446127       -3.7106162974258186     
  -1.1474594012456749       -3.7266031166748088     
  -1.1262765260447158       -3.7423413792035798     
  -1.1050173182827880       -3.7578317365260308     
  -1.0836836970656589       -3.7730748361403346     
  -1.0622775571442697       -3.7880713214402282     
  -1.0408007694817609       -3.8028218316322828     
  -1.0192551818074451       -3.8173270016588718     
 -0.99764261915810248       -3.8315874621265582     
 -0.97596488440695572       -3.8456038392396419     
 -0.95422375878067889       -3.8593767547386189     
 -0.93242100236477787       -3.8729068258433141     
 -0.91055835459767442       -3.8861946652004620     
 -0.88863753475381480       -3.8992408808355239     
 -0.86666024241611395       -3.9120460761085325     
 -0.84462815793803947       -3.9246108496737713     
 -0.82254294289562768       -3.9369357954431052     
 -0.80040624052971943       -3.9490215025527804     
 -0.77821967617869181       -3.9608685553335312     
 -0.75598485770195600       -3.9724775332838282     
 -0.73370337589448331       -3.9838490110461184     
 -0.71137680489261323       -3.9949835583859103     
 -0.68900670257139174       -4.0058817401735665     
 -0.66659461093367989       -4.0165441163686681     
 -0.64414205649126566       -4.0269712420068329     
 -0.62165055063820740       -4.0371636671888576     
 -0.59912159001662824       -4.0471219370720783     
 -0.57655665687517688       -4.0568465918638363     
 -0.55395721942036336       -4.0663381668169460     
 -0.53132473216097231       -4.0755971922270700     
 -0.50866063624575131       -4.0846241934318996     
 -0.48596635979456615       -4.0934196908120617     
 -0.46324331822320974       -4.1019841997936606     
 -0.44049291456204626       -4.1103182308523740     
 -0.41771653976866752       -4.1184222895190272     
 -0.39491557303473307       -4.1262968763865739     
 -0.37209138208716208       -4.1339424871184125     
 -0.34924532348383935       -4.1413596124579719     
 -0.32637874290399482       -4.1485487382394997     
 -0.30349297543341053       -4.1555103454000033     
 -0.28058934584460593       -4.1622449099922756     
 -0.25766916887214802       -4.1687529031989579     
 -0.23473374948322898       -4.1750347913475867     
 -0.21178438314365103       -4.1810910359265776     
 -0.18882235607935374       -4.1869220936020941     
 -0.16584894553361623       -4.1925284162357688     
 -0.14286542002006331       -4.1979104509032199     
 -0.11987303957160123       -4.2030686399133410     
  -9.6873055985406020E-002  -4.2080034208283115     
  -7.3866713064083808E-002  -4.2127152264843035     
  -5.0855246853120178E-002  -4.2172044850128447     
  -2.7839885874732705E-002  -4.2214716198628102     
  -4.8218513582378199E-003  -4.2255170498230132     
   1.8197642532959007E-002  -4.2293411890453623     
   4.1217388477643627E-002  -4.2329444470685651     
   6.4236185776240212E-002  -4.2363272288423497     
   8.7252840133323517E-002  -4.2394899347521822     
  0.11026616344309699       -4.2424329606444573     
  0.13327497357773993       -4.2451566978521411     
  0.15627809417852861       -4.2476615332208540     
  0.17927435444963855       -4.2499478491353626     
  0.20226258895453689       -4.2520160235464770     
  0.22524163741487616       -4.2538664299983333     
  0.24821034451180193       -4.2554994376560442     
  0.27116755968958911       -4.2569154113337104     
  0.29411213696152294       -4.2581147115227758     
  0.31704293471794298       -4.2590976944207224     
  0.33995881553636920       -4.2598647119600868     
  0.36285864599363138       -4.2604161118377952     
  0.38574129647992411       -4.2607522375448079     
  0.40860564101471158       -4.2608734283960672     
  0.43145055706440699       -4.2607800195607402     
  0.45427492536175329       -4.2604723420927524     
  0.47707762972683310       -4.2599507229616131     
  0.49985755688963640       -4.2592154850835175     
  0.52261359631411664       -4.2582669473527384     
  0.54534464002366567       -4.2571054246732905     
  0.56804958242794068       -4.2557312279908794     
  0.59072732015097551       -4.2541446643251257     
  0.61337675186051110       -4.2523460368020700     
  0.63599677809847976       -4.2503356446869578     
  0.65858630111257965       -4.2481137834173097     
  0.68114422468887581       -4.2456807446362737     
  0.70366945398536596       -4.2430368162262733     
  0.72616089536644834       -4.2401822823429409     
  0.74861745623823217       -4.2371174234493578     
  0.77103804488462857       -4.2338425163505935     
  0.79342157030416405       -4.2303578342285606     
  0.81576694204745615       -4.2266636466771841     
  0.83807307005529341       -4.2227602197378964     
  0.86033886449726138       -4.2186478159354701     
  0.88256323561085714       -4.2143266943141935     
  0.90474509354103572       -4.2097971104743976     
  0.92688334818013052       -4.2050593166093488     
  0.94897690900809306       -4.2001135615425165     
  0.97102468493299476       -4.1949600907652291     
  0.99302558413173581       -4.1895991464747304     
   1.0149785138909053       -4.1840309676126486     
   1.0368823804477378       -4.1782557899038917     
   1.0587360888311121       -4.1722738458959903     
   1.0805385427025351       -4.1660853649988931     
   1.1022886441970592       -4.1596905735252419     
   1.1239852937640771       -4.1530896947311344     
   1.1456273900079388       -4.1462829488574000     
   1.1672138295283394       -4.1392705531714027     
   1.1887435067604193       -4.1320527220093899     
   1.2102153138145262       -4.1246296668194145     
   1.2316281403155829       -4.1170015962048403     
   1.2529808732420058       -4.1091687159684662     
   1.2742723967641214       -4.1011312291572759     
   1.2955015920820239       -4.0928893361078549     
   1.3166673372628219       -4.0844432344924835     
   1.3377685070772167       -4.0757931193659420     
   1.3588039728353580       -4.0669391832130506     
   1.3797726022219221       -4.0578816159969682     
   1.4006732591303555       -4.0486206052082911     
   1.4215048034962299       -4.0391563359149645     
   1.4422660911296503       -4.0294889908130473     
   1.4629559735466606       -4.0196187502783678     
   1.4835732977995892       -4.0095457924190843     
   1.5041169063062774       -3.9992702931292059     
   1.5245856366781321       -3.9887924261430969     
   1.5449783215469457       -3.9781123630910016     
   1.5652937883904217       -3.9672302735556322     
   1.5855308593563497       -3.9561463251298568     
   1.6056883510853674       -3.9448606834755267     
   1.6257650745322496       -3.9333735123834868     
   1.6457598347856632       -3.9216849738348118     
   1.6656714308863270       -3.9097952280633157     
   1.6854986556435108       -3.8977044336193742     
   1.7052402954498149       -3.8854127474351183     
   1.7248951300941620       -3.8729203248910391     
   1.7444619325729382       -3.8602273198840624     
   1.7639394688992185       -3.8473338848971435     
   1.7833264979100072       -3.8342401710704368     
   1.8026217710714303       -3.8209463282740996     
   1.8218240322818076       -3.8074525051827868     
   1.8409320176725363       -3.7937588493518990     
   1.8599444554067188       -3.7798655072956486     
   1.8788600654754586       -3.7657726245670053     
   1.8976775594917561       -3.7514803458395947     
   1.9163956404819300       -3.7369888149916126     
   1.9350130026744883       -3.7222981751918378     
   1.9535283312863760       -3.7074085689878067     
   1.9719403023065216       -3.6923201383962376     
   1.9902475822766037       -3.6770330249957808     
   2.0084488280689605       -3.6615473700221766     
   2.0265426866615619       -3.6458633144659118     
   2.0445277949099596       -3.6299809991724592     
   2.0624027793161375       -3.6139005649451987     
   2.0801662557941727       -3.5976221526511094     
   2.0978168294326274       -3.5811459033293369     
   2.1153530942535781       -3.5644719583027382     
   2.1327736329682008       -3.5476004592925077     
   2.1500770167288166       -3.5305315485359978     
   2.1672618048773096       -3.5132653689078488     
   2.1843265446898226       -3.4958020640445437     
   2.2012697711176394       -3.4781417784725157     
   2.2180900065241520       -3.4602846577399307     
   2.2347857604178216       -3.4422308485522790     
   2.2513555291810308       -3.4239804989119160     
   2.2677977957947246       -3.4055337582616891     
   2.2841110295587441       -3.3868907776328014     
   2.3002936858077403       -3.3680517097970624     
   2.3163442056225709       -3.3490167094236867     
   2.3322610155370649       -3.3297859332408026     
   2.3480425272400516       -3.3103595402018429     
   2.3636871372725397       -3.2907376916569913     
   2.3791932267199356       -3.2709205515298732     
   2.3945591608991852       -3.2509082864996746     
   2.4097832890407238       -3.2307010661888915     
   2.4248639439651161       -3.2102990633569126     
   2.4397994417542650       -3.1897024540996468     
   2.4545880814170715       -3.1689114180554201     
   2.4692281445494184       -3.1479261386173643     
   2.4837178949883554       -3.1267468031525434     
   2.4980555784603582       -3.1053736032280574     
   2.5122394222235331       -3.0838067348443849     
   2.5262676347036370       -3.0620463986762276     
   2.5401384051237832       -3.0400928003211343     
   2.5538499031276980       -3.0179461505561940     
   2.5674002783963932       -2.9956066656030922     
   2.5807876602581210       -2.9730745674018428     
   2.5940101572914718       -2.9503500838935186     
   2.6070658569214764       -2.9274334493123129     
   2.6199528250085744       -2.9043249044872823     
   2.6326691054303066       -2.8810246971541300     
   2.6452127196555910       -2.8575330822774072     
   2.6575816663114376       -2.8338503223835212     
   2.6697739207419606       -2.8099766879049590     
   2.6817874345595438       -2.7859124575361469     
   2.6936201351880160       -2.7616579186013848     
   2.7052699253976895       -2.7372133674353107     
   2.7167346828321208       -2.7125791097763750     
   2.7280122595264484       -2.6877554611738117     
   2.7391004814171640       -2.6627427474086254     
   2.7499971478431755       -2.6375413049291239     
   2.7607000310380214       -2.6121514813015572     
   2.7712068756130956       -2.5865736356764351     
   2.7815153980317473       -2.5608081392711304     
   2.7916232860741190       -2.5348553758693910     
   2.8015281982925915       -2.5087157423384099     
   2.8112277634577052       -2.4823896491641375     
   2.8207195799944373       -2.4558775210055348     
   2.8300012154087075       -2.4291797972685050     
   2.8390702057040023       -2.4022969327002679     
   2.8479240547880056       -2.3752293980049712     
   2.8565602338691338       -2.3479776804813679     
   2.8649761808428766       -2.3205422846834201     
   2.8731692996678602       -2.2929237331047307     
   2.8811369597315504       -2.2651225668877308     
   2.8888764952055310       -2.2371393465586009     
   2.8963852043902976       -2.2089746527889380     
   2.9036603490495230       -2.1806290871852192     
   2.9106991537337650       -2.1521032731071648     
   2.9174988050935995       -2.1233978565161409     
   2.9240564511821829       -2.0945135068547924     
   2.9303692007472595       -2.0654509179591467     
   2.9364341225126576       -2.0362108090044777     
   2.9422482444493347       -2.0067939254862748     
   2.9478085530360589       -1.9772010402377143     
   2.9531119925098377       -1.9474329544850915     
   2.9581554641062371       -1.9174904989427299     
   2.9629358252897626       -1.8873745349489457     
   2.9674498889745102       -1.8570859556447104     
   2.9716944227353297       -1.8266256871967255     
   2.9756661480097870       -1.7959946900666872     
   2.9793617392912517       -1.7651939603285958     
   2.9827778233134881       -1.7342245310360382     
   2.9859109782271749       -1.7030874736414523     
   2.9887577327688382       -1.6717838994694587     
   2.9913145654227429       -1.6403149612464347     
   2.9935779035763517       -1.6086818546885879     
   2.9955441226700334       -1.5768858201508813     
   2.9972095453417769       -1.5449281443392497     
   2.9985704405677538       -1.5128101620886505     
   2.9996230227996610       -1.4805332582095838     
   3.0003634510998682       -1.4480988694058268     
   3.0007878282755081       -1.4155084862662279     
   3.0008922000127494       -1.3827636553335199     
   3.0006725540126271       -1.3498659812532166     
   3.0001248191299235       -1.3168171290057833     
   2.9992448645167449       -1.2836188262253789     
   2.9980284987725878       -1.2502728656085951     
   2.9964714691028522       -1.2167811074167409     
   2.9945694604879383       -1.1831454820753453     
   2.9923180948652552       -1.1493679928746805     
   2.9897129303266725       -1.1154507187752405     
   2.9867494603341660       -1.0813958173222382     
   2.9834231129566509       -1.0472055276733228     
   2.9797292501312462       -1.0128821737438485     
   2.9756631669524918      -0.97842816747416550     
   2.9712200909933277      -0.94384601222353393     
   2.9663951816619694      -0.90913830629539771     
   2.9611835295991478      -0.87430774659888721     
   2.9555801561205435      -0.83935713245154497     
   2.9495800127096388      -0.80428936952839725     
   2.9431779805666278      -0.76910747396261203     
   2.9363688702194710      -0.73381457660309668     
   2.9291474212036581      -0.69841392743449560     
   2.9215083018177581      -0.66290890016514104     
   2.9134461089623818      -0.62730299698859537     
   2.9049553680707656      -0.59159985352449174     
   2.8960305331398102      -0.55580324394443192     
   2.8866659868710745      -0.51991708628873456     
   2.8768560409319388      -0.48394544797983718     
   2.8665949363478989      -0.44789255153813901     
   2.8558768440377671      -0.41176278050602749     
   2.8446958655044119      -0.37556068558575073     
   2.8330460336945675      -0.33929099099667887     
   2.8209213140422245      -0.30295860105733502     
   2.8083156057111247      -0.26656860699736179     
   2.7952227430529692      -0.23012629400431903     
   2.7816364972990959      -0.19363714850987429     
   2.7675505785045842      -0.15710686571954080     
   2.7529586377650270      -0.12054135738963118     
   2.7378542697275354       -8.3946759854518604E-002
   2.7222310154189571       -4.7329442306620673E-002
   2.7060823654157580       -1.0696015330732868E-002
   2.6894017633815488        2.5946660306572347E-002
   2.6721826099998460        6.2591464612813424E-002
   2.6544182673313177        9.9231009072266035E-002
   2.6361020636264874       0.13585762709832461     
   2.6172272986266458       0.17246336424000452     
   2.5977872493875478       0.20903996814877929     
   2.5777751766623340       0.24557887831391489     
   2.5571843318820147       0.28207121557667242     
   2.5360079647737646       0.31850777143621728     
   2.5142393316592027       0.35487899716282562     
   2.4918717044767242       0.39117499273703471     
   2.4688983805738354       0.42738549563677264     
   2.4453126933172373       0.46349986949824218     
   2.4211080235701452       0.49950709268045662     
   2.3962778120879169       0.53539574676784996     
   2.3708155728845202       0.57115400505033875     
   2.3447149076236005       0.60676962102562115     
   2.3179695210889038       0.64222991697438170     
   2.2905732377894905       0.67752177266545055     
   2.2625200197554811       0.71263161425485888     
   2.2338039855799350       0.74754540345015186     
   2.2044194307618183       0.78224862701927678     
   2.1743608494037385       0.81672628673185665     
   2.1436229573161585       0.85096288982968549     
   2.1122007165770285       0.88494244013282120     
   2.0800893615920679       0.91864842989768536     
   2.0472844266961987       0.95206383255405658     
   2.0137817753307168       0.98517109645871914     
   1.9795776308235895        1.0179521398147191     
   1.9446686087916036        1.0503883469165922     
   1.9090517511728660        1.0824605658934474     
   1.8727245618861894        1.1141491081332608     
   1.8356850441000756        1.1454337495829938     
   1.7979317390781753        1.1762937341299802     
   1.7594637665501562        1.2067077792801892     
   1.7202808665367275        1.2366540843581997     
   1.6803834425350763        1.2661103414616723     
   1.6397726059461100        1.2950537494094652     
   1.5984502215976570        1.3234610309268697     
   1.5564189541881868        1.3513084533133592     
   1.5136823154437631        1.3785718528372470     
   1.4702447117469923        1.4052266630972774     
   1.4261114919609141        1.4312479475828994     
   1.3812889951334255        1.4566104366522810     
   1.3357845977293512        1.4812885691294917     
   1.2896067599982102        1.5052565386992125     
   1.2427650710467146        1.5284883452483495     
   1.1952702921468426        1.5509578512686386     
   1.1471343977738262        1.5726388433923839     
   1.0983706138345961        1.5935050990846733     
   1.0489934525172140        1.6135304584596595     
  0.99901874316682504        1.6326889011258854     
  0.94846365857492121        1.6509546278964373     
  0.89734673605755388        1.6683021471244279     
  0.84568789269588129        1.6847063653437075     
  0.79350843412037053        1.7001426818097722     
  0.74083105623929224        1.7145870864478892     
  0.68767983934389476        1.7280162606260505     
  0.63408023406768010        1.7404076800813402     
  0.58005903873609543        1.7517397192417348     
  0.52564436771595935        1.7619917561035445     
  0.47086561046092007        1.7711442767500760     
  0.41575338104962717        1.7791789785321876     
  0.36033945812603968        1.7860788708787363     
  0.30465671527486526        1.7918283726669071     
  0.24873904199749608        1.7964134050613145     
  0.19262125559248430        1.7998214787284881     
  0.13633900438666646        1.8020417743514263     
   7.9928662905232289E-002   1.8030652154083333     
   2.3427219707818588E-002   1.8028845322408578     
  -3.3127841250569445E-002   1.8014943165198911     
  -8.9698664754013627E-002   1.7988910653203267     
 -0.14624715286898221        1.7950732141384784     
 -0.20273509672070281        1.7900411583248008     
 -0.25912431025791655        1.7837972625571958     
 -0.31537676471497805        1.7763458581430522     
 -0.37145472245810318        1.7676932281073714     
 -0.42732086890544529        1.7578475801957159     
 -0.48293844123868074        1.7468190080900121     
 -0.53827135267618442        1.7346194412982305     
 -0.59328431115319957        1.7212625843316545     
 -0.64794293135046321        1.7067638459222017     
 -0.70221383912675828        1.6911402591539635     
 -0.75606476753954621        1.6744103934852466     
 -0.80946464377758043        1.6565942597181202     
 -0.86238366647640141        1.6377132090306843     
 -0.91479337303801878        1.6177898272226008     
 -0.96666669672615113        1.5968478253372220     
  -1.0179780134546095        1.5749119278148762     
  -1.0687031783256151        1.5520077593030979     
  -1.1188195521043032        1.5281617312028348     
  -1.1683060179331499        1.5034009289673138     
  -1.2171429886938712        1.4777530010949129     
  -1.2653124055132960        1.4512460506718481     
  -1.3127977279831926        1.4239085302274810     
  -1.3595839167218524        1.3957691405673154     
  -1.4056574089477025        1.3668567341488012     
  -1.4510060877629922        1.3372002234652345     
  -1.4956192458596442        1.3068284948053841     
  -1.5394875443608951        1.2757703276627315     
  -1.5826029675027511        1.2440543199798360     
  -1.6249587738400371        1.2117088193314312     
