 -0.98825097084045410        8.4997788071632385E-002
  -1.0110998500496251        2.2003479329314977E-002
  -1.0300937435935267       -4.1074721322784051E-002
  -1.0453797130714038      -0.10400506946277414     
  -1.0571097403272582      -0.16658163608856166     
  -1.0654380359819511      -0.22862215050137813     
  -1.0705189188194031      -0.28996583367974454     
  -1.0725051781933332      -0.35047129246361386     
  -1.0715468382643227      -0.41001452044014347     
  -1.0677902516841506      -0.46848703296329386     
  -1.0613774598879266      -0.52579415022398790     
  -1.0524457665387319      -0.58185343271185574     
  -1.0411274793793386      -0.63659326687744111     
  -1.0275497835258713      -0.68995159456062194     
  -1.0118347160018843      -0.74187477718719663     
 -0.99409921707358639      -0.79231658437350394     
 -0.97445523878052109      -0.84123729605378006     
 -0.95300989506120082      -0.88860290728399971     
 -0.92986564115919745      -0.93438442527933263     
 -0.90512047266906515      -0.97855724886642237     
 -0.87886813674204434       -1.0211006212752909     
 -0.85119834970662533       -1.0619971479892205     
 -0.82219701674476564       -1.1012323721679844     
 -0.79194645036544531       -1.1387944009304618     
 -0.76052558528737302       -1.1746735765089391     
 -0.72801018802680739       -1.2088621869594494     
 -0.69447306002139786       -1.2413542117261200     
 -0.65998423353666602       -1.2721450979121756     
 -0.62461115992256888       -1.3012315636078553     
 -0.58841889003314796       -1.3286114250693528     
 -0.55147024680837597       -1.3542834449370689     
 -0.51382599015663710       -1.3782471990303953     
 -0.47554497437895416       -1.4005029595644196     
 -0.43668429845018775       -1.4210515929057022     
 -0.39729944952441920       -1.4398944702237164     
 -0.35744444006669518       -1.4570333896054928     
 -0.31717193903531282       -1.4724705083869141     
 -0.27653339755105932       -1.4862082846181444     
 -0.23557916949481447       -1.4982494267256441     
 -0.19435862747466273       -1.5085968505616676     
 -0.15292027459970214       -1.5172536431463173     
 -0.11131185249128937       -1.5242230325091386     
  -6.9580445954469647E-002  -1.5295083631286868     
  -2.7772584723529867E-002  -1.5331130765510761     
   1.4065657313463393E-002  -1.5350406968436603     
   5.5888565015206990E-002  -1.5352948206090147     
   9.7650686625326985E-002  -1.5338791113484291     
  0.13930673976851846       -1.5307972980242988     
  0.18081151843201609       -1.5260531777280852     
  0.22211980056587952       -1.5196506224158881     
  0.26318625594080730       -1.5115935897279815     
  0.30396535390656154       -1.5018861379628521     
  0.34441127069767630       -1.4905324453311564     
  0.38447779593607734       -1.4775368336714954     
  0.42411823798275650       -1.4629037968688694     
  0.46328532779298481       -1.4466380342790808     
  0.50193112093206183       -1.4287444895291643     
  0.54000689741171992       -1.4092283951362368     
  0.57746305901159023       -1.3880953234661093     
  0.61424902375628776       -1.3653512446398541     
  0.65031311722756713       -1.3410025920926609     
  0.68560246040372352       -1.3150563365962704     
  0.72006285373634382       -1.2875200696757367     
  0.75363865719934620       -1.2584020974850931     
  0.78627266607911517       -1.2277115463567594     
  0.81790598232008371       -1.1954584814084603     
  0.84847788130062518       -1.1616540397815218     
  0.87792567399369181       -1.1263105802982933     
  0.90618456457033913       -1.0894418515669624     
  0.93318750363840675       -1.0510631808321125     
  0.95886503748097862       -1.0111916861719854     
  0.98314515387944468      -0.96984651498142205     
   1.0059531253859202      -0.92704911205538110     
   1.0272113512640577      -0.88282352100366468     
   1.0468391997638604      -0.83719672318380345     
   1.0647528529568850      -0.79019901883497823     
   1.0808651570599097      -0.74186445562773895     
   1.0950854820500009      -0.69223131040450292     
   1.1073195954607362      -0.64134263046105100     
   1.1174695565942734      -0.58924684128805138     
   1.1254336390412547      -0.53599842822128108     
   1.1311062914329952      -0.48165869989132537     
   1.1343781488290929      -0.42629664164855308     
   1.1351361101465189      -0.36998986716905030     
   1.1332635006451213      -0.31282567608625594     
   1.1286403427785450      -0.25490222455657080     
   1.1211437637650477      -0.19632981390795592     
   1.1106485740654786      -0.13723229961339839     
   1.0970280575549352       -7.7748618357185759E-002
   1.0801550214231375       -1.8034424394401383E-002
   1.0599031614665471        4.1736182899434253E-002
   1.0361488059427031       0.10136887118244527     
   1.0087731077125741       0.16064727500342196     
  0.97766475871219538       0.21933125360608596     
  0.94272330098748314       0.27715530498500113     
  0.90386310198677433       0.33382726864913459     
  0.86101804512269575       0.38902748928762648     
  0.81414695563158579       0.44240865703453713     
  0.76323973188467698       0.49359658347118107     
  0.70832407924143870       0.54219220931646328     
  0.64947264457769383       0.58777516001540309     
  0.58681022564430252       0.62990915576972917     
  0.52052058743354046       0.66814952708986686     
  0.45085227355947272       0.70205296995582323     
  0.37812268058039061       0.73118948535223105     
  0.30271960306447621       0.75515618713263721     
  0.22509949720153560       0.77359234957447032     
  0.14578188483151402       0.78619474488862739     
   6.5339640988357164E-002  0.79273205636100830     
  -1.5614645465840240E-002  0.79305701977247833     
  -9.6445540292531814E-002  0.78711500795298883     
 -0.17651369075446158       0.77494805784278509     
 -0.25519530967701370       0.75669381830485594     
 -0.33190060999214760       0.73257948645125293     
 -0.40608973212534100       0.70291138197761938     
 -0.47728507465443132       0.66806126576524294     
 -0.54507943783709301       0.62845076066230332     
 -0.60913991001631751       0.58453525618046287     
 -0.66920787096753598       0.53678850778389808     
 -0.72509579261469836       0.48568884445933291     
 -0.77668166831224039       0.43170755397961980     
 -0.82390191490886655       0.37529969012032105     
 -0.86674350536929290       0.31689728266144712     
 -0.90523594717744593       0.25690474688749698     
 -0.93944356062913159       0.19569618257666987     
 -0.96945835808276970       0.13361420966584681     
 -0.99539369548668510        7.0969991016604339E-002
  -1.0173787669526486        8.0441246741920162E-003
  -1.0355539414278558       -5.4911865440590034E-002
  -1.0500668937860589      -0.11767366050665716     
  -1.0610694556987812      -0.18004207064080063     
  -1.0687150992112593      -0.24184087947645597     
  -1.0731569634542721      -0.30291470108516205     
  -1.0745463387235246      -0.36312691174920625     
  -1.0730315295409270      -0.42235769658437161     
  -1.0687570273794342      -0.48050223414929610     
  -1.0618629332348131      -0.53746902993736489     
  -1.0524845793957203      -0.59317840105572361     
  -1.0407523081704171      -0.64756110860227867     
  -1.0267913727758493      -0.70055713054763802     
  -1.0107219320302376      -0.75211456574827396     
 -0.99265911594847189      -0.80218865861922140     
 -0.97271314390246544      -0.85074093364489412     
 -0.95098948077948164      -0.89773842905641221     
 -0.92758901965872598      -0.94315301947182983     
 -0.90260828203445242      -0.98696081795212787     
 -0.87613962863757155       -1.0291416486799625     
 -0.84827147553111293       -1.0696785822578854     
 -0.81908851145008343       -1.1085575264069696     
 -0.78867191338430465       -1.1457668655994364     
 -0.75709955821468866       -1.1812971438645588     
 -0.72444622885122067       -1.2151407856577225     
 -0.69078381381917753       -1.2472918502750026     
 -0.65618149962694794       -1.2777458158301329     
 -0.62070595554700736       -1.3064993892896082     
 -0.58442151066952330       -1.3335503394883563     
 -0.54739032326051928       -1.3588973504271031     
 -0.50967254258533656       -1.3825398924876393     
 -0.47132646345280071       -1.4044781094980701     
 -0.43240867380355918       -1.4247127198410527     
 -0.39297419571354053       -1.4432449300279637     
 -0.35307662021515573       -1.4600763593645698     
 -0.31276823635851281       -1.4752089745124695     
 -0.27210015494553308       -1.4886450329083267     
 -0.23112242737380209       -1.5003870341424879     
 -0.18988416002611619       -1.5104376785223490     
 -0.14843362463744639       -1.5187998321560410     
 -0.10681836506457183       -1.5254764979905007     
  -6.5085300875811603E-002  -1.5304707923265783     
  -2.3280828169782903E-002  -1.5337859264139959     
   1.8549081976549853E-002  -1.5354251928021276     
   6.0358787038711927E-002  -1.5353919561899723     
  0.10210287817055778       -1.5336896485814611     
  0.14373608654847309       -1.5303217686114596     
  0.18521319056372279       -1.5252918849644497     
  0.22648892349827188       -1.5186036438628527     
  0.26751788132406107       -1.5102607806561692     
  0.30825443026953275       -1.5002671355964248     
  0.34865261380027324       -1.4886266739407281     
  0.38866605866311194       -1.4753435105789054     
  0.42824787964511746       -1.4604219394441262     
  0.46735058270092961       -1.4438664680281039     
  0.50592596610413698       -1.4256818573908827     
  0.54392501928141768       -1.4058731681294769     
  0.58129781899249189       -1.3844458128509225     
  0.61799342252534151       -1.3614056157849230     
  0.65395975758555114       -1.3367588802706507     
  0.68914350857219742       -1.3105124649629967     
  0.72348999895189459       -1.2826738697273874     
  0.75694306946923329       -1.2532513323311363     
  0.78944495196816411       -1.2222539371953156     
  0.82093613864771697       -1.1896917376466456     
  0.85135524664030782       -1.1555758933064493     
  0.88063887788612405       -1.1199188244760523     
  0.90872147438811823       -1.0827343856280101     
  0.93553516907567857       -1.0440380603932193     
  0.96100963268939510       -1.0038471807483196     
  0.98507191733476795      -0.96218117345863585     
   1.0076462976518739      -0.91906183722172197     
   1.0286541109264891      -0.87451365438699113     
   1.0480135979450620      -0.82856414159840919     
