   1.0000000000000000        1.0000000000000000     
   2.0000000000000000        20.719201317596458     
   3.0000000000000000        40.530112507374035     
   4.0000000000000000        60.364988218042022     
   5.0000000000000000        80.210666843901024     
   6.0000000000000000        100.06246390351008     
   7.0000000000000000        119.91819246131587     
   8.0000000000000000        139.77665835194011     
   9.0000000000000000        159.63713901731168     
   10.000000000000000        179.49916431981683     
   11.000000000000000        199.36241133291838     
   12.000000000000000        219.22664873484956     
   13.000000000000000        239.09170517628803     
   14.000000000000000        258.95745020960771     
   15.000000000000000        278.82378223679967     
   16.000000000000000        298.69062059008161     
   17.000000000000000        318.55790015440363     
   18.000000000000000        338.42556761216770     
   19.000000000000000        358.29357875650129     
   20.000000000000000        378.16189652796140     
   21.000000000000000        398.03048955291928     
   22.000000000000000        417.89933103730561     
   23.000000000000000        437.76839791686666     
   24.000000000000000        457.63767019573424     
   25.000000000000000        477.50713042536421     
   26.000000000000000        497.37676328955780     
   27.000000000000000        517.24655527066705     
   28.000000000000000        537.11649437864560     
   29.000000000000000        556.98656992926328     
   30.000000000000000        576.85677236115566     
   31.000000000000000        596.72709308382559     
   32.000000000000000        616.59752435051973     
   33.000000000000000        636.46805915124889     
   34.000000000000000        656.33869112224215     
   35.000000000000000        676.20941446889356     
   36.000000000000000        696.08022389986081     
   37.000000000000000        715.95111457043197     
   38.000000000000000        735.82208203364041     
   39.000000000000000        755.69312219788935     
   40.000000000000000        775.56423129007226     
   41.000000000000000        795.43540582335697     
   42.000000000000000        815.30664256894136     
   43.000000000000000        835.17793853120918     
   44.000000000000000        855.04929092580483     
   45.000000000000000        874.92069716022615     
   46.000000000000000        894.79215481659514     
   47.000000000000000        914.66366163632063     
   48.000000000000000        934.53521550640824     
   49.000000000000000        954.40681444721008     
   50.000000000000000        974.27845660143623     
   51.000000000000000        994.15014022427567     
   52.000000000000000        1014.0218636744935     
   53.000000000000000        1033.8936254063929     
   54.000000000000000        1053.7654239625410     
   55.000000000000000        1073.6372579671756     
   56.000000000000000        1093.5091261202138     
   57.000000000000000        1113.3810271918021     
   58.000000000000000        1133.2529600173486     
   59.000000000000000        1153.1249234929846     
   60.000000000000000        1172.9969165714165     
   61.000000000000000        1192.8689382581240     
   62.000000000000000        1212.7409876078739     
   63.000000000000000        1232.6130637215156     
   64.000000000000000        1252.4851657430340     
   65.000000000000000        1272.3572928568342     
   66.000000000000000        1292.2294442852353     
   67.000000000000000        1312.1016192861573     
   68.000000000000000        1331.9738171509800     
   69.000000000000000        1351.8460372025627     
   70.000000000000000        1371.7182787934050     
   71.000000000000000        1391.5905413039432     
   72.000000000000000        1411.4628241409655     
   73.000000000000000        1431.3351267361386     
   74.000000000000000        1451.2074485446360     
   75.000000000000000        1471.0797890438587     
   76.000000000000000        1490.9521477322430     
   77.000000000000000        1510.8245241281461     
   78.000000000000000        1530.6969177688054     
   79.000000000000000        1550.5693282093641     
   80.000000000000000        1570.4417550219591     
   81.000000000000000        1590.3141977948669     
   82.000000000000000        1610.1866561317015     
   83.000000000000000        1630.0591296506625     
   84.000000000000000        1649.9316179838272     
   85.000000000000000        1669.8041207764868     
   86.000000000000000        1689.6766376865214     
   87.000000000000000        1709.5491683838106     
   88.000000000000000        1729.4217125496789     
   89.000000000000000        1749.2942698763736     
   90.000000000000000        1769.1668400665701     
   91.000000000000000        1789.0394228329067     
   92.000000000000000        1808.9120178975443     
   93.000000000000000        1828.7846249917500     
   94.000000000000000        1848.6572438555040     
   95.000000000000000        1868.5298742371265     
   96.000000000000000        1888.4025158929251     
   97.000000000000000        1908.2751685868598     
   98.000000000000000        1928.1478320902268     
   99.000000000000000        1948.0205061813567     
   100.00000000000000        1967.8931906453299     
   101.00000000000000        1987.7658852737047     
