 -0.99239027036515881        2.2003456646227271E-002
 -0.99252910808137262       -4.1079675065394748E-002
 -0.98867494770303666      -0.10399759733500176     
 -0.98085229895487114      -0.16649812308187387     
 -0.96910150260616446      -0.22833188364351348     
 -0.95347842511178293      -0.28925330683144629     
 -0.93405409551655894      -0.34902156198002915     
 -0.91091428823844656      -0.40740146903053848     
 -0.88415905541871875      -0.46416436909004394     
 -0.85390221255775467      -0.51908895428822410     
 -0.82027078114633667      -0.57196205512116782     
 -0.78340439195886957      -0.62257938381579181     
 -0.74345465260079979      -0.67074623256890764     
 -0.70058448280211683      -0.71627812580894767     
 -0.65496742082658810      -0.75900142589429642     
 -0.60678690422667447      -0.79875389189903478     
 -0.55623552802117726      -0.83538519134422817     
 -0.50351428321068614      -0.86875736491071165     
 -0.44883177837872651      -0.89874524431814573     
 -0.39240344695780283      -0.92523682367586346     
 -0.33445074257266744      -0.94813358470497844     
 -0.27520032471120076      -0.96735077629996602     
 -0.21488323681902879      -0.98281764894333412     
 -0.15373407876988834      -0.99447764451112353     
  -9.1990175531910648E-002  -1.0022885420120866     
  -2.9890743732255882E-002  -1.0062225597918544     
   3.2323942279589346E-002  -1.0062664147077152     
   9.4413383354828365E-002  -1.0024213387423462     
  0.15613768600719033      -0.99470305347856014     
  0.21725838901521635      -0.98314170280450219     
  0.27753928479697382      -0.96778174416236906     
  0.33674723420063812      -0.94868179859627322     
  0.39465297334710375      -0.92591445979892906     
  0.45103191113517416      -0.89956606230496705     
  0.50566491597658225      -0.86973640893340520     
  0.55833909026801298      -0.83653845754557787     
  0.60884853103158409      -0.80009796716001447     
  0.65699507506528909      -0.76055310345466753     
  0.70258902684237290      -0.71805400369167638     
  0.74544986728539153      -0.67276230112256419     
  0.78540694141897038      -0.62485060897428280     
  0.82230012277742137      -0.57450196418054988     
  0.85598045231208009      -0.52190923110993304     
  0.88631074941137578      -0.46727446565338471     
  0.91316619251739073      -0.41080824017034462     
  0.93643486669935394      -0.35272892995474370     
  0.95601827543068751      -0.29326196207051175     
  0.97183181371559546      -0.23263902762035824     
  0.98380519962757462      -0.17109725875106274     
  0.99188286125955094      -0.10887837196218099     
  0.99602427604751542       -4.6227779571330549E-002
  0.99620425942044066        1.6606328504107273E-002
  0.99241319975265185        7.9373930164695725E-002
  0.98465723665426153       0.14182414092322765     
  0.97295837973401667       0.20370620490370531     
  0.95735456510981887       0.26477050351820958     
  0.93789964712764728       0.32476957793912437     
  0.91466332298143238       0.38345916113322159     
  0.88773098820570229       0.44059921488394299     
  0.85720352133987709       0.49595496690522084     
  0.82319699643737532       0.54929794285100986     
  0.78584232251274633       0.60040698775614498     
  0.74528480948337406       0.64906927121299518     
  0.70168366066540810       0.69508127040130474     
  0.65521139242193704       0.73824972495194763     
  0.60605318212944148       0.77839255754494030     
  0.55440614621972883       0.81533975412318682     
  0.50047855066139835       0.84893419765046763     
  0.44448895685918277       0.87903244945855730     
  0.38666530656236675       0.90550547241635748     
  0.32724394997551137       0.92823929041460462     
  0.26646862184624015       0.94713557899274348     
  0.20458937085610693       0.96211218233821660     
  0.14186144815195315       0.97310355235952539     
   7.8544161317437550E-002  0.98006110606834285     
   1.4899700488968959E-002  0.98295349809668775     
  -4.8808056340680535E-002  0.98176680581538978     
 -0.11231475152097008       0.97650462520130887     
 -0.17535676194512392       0.96718807631354442     
 -0.23767241164791439       0.95385571797292423     
 -0.29900317516984720       0.93656337198358608     
 -0.35909486411993174       0.91538385797932997     
 -0.41769878951571554       0.89040664070947395     
 -0.47457289270787495       0.86173739228824953     
 -0.52948283800346463       0.82949747260787565     
 -0.58220306048155246       0.79382333174862896     
 -0.63251776294069595       0.75486583880071634     
 -0.68022185642170263       0.71278954203491374     
 -0.72512183930258245       0.66777186581543702     
 -0.76703661055605554       0.62000225003442999     
 -0.80579821338347768       0.56968123815934479     
 -0.84125250608242574       0.51701952022042574     
 -0.87325975765831088       0.46223693722504544     
 -0.90169516634337032       0.40556145356978701     
 -0.92644929982982627       0.34722810403226578     
 -0.94742845664912989       0.28747792186631305     
 -0.96455494872809211       0.22655685440095361     
 -0.97776730571834070       0.16471467236115384     
 -0.98702040222197451       0.10220387889288786     
 -0.99228550951864425        3.9278623993491746E-002
 -0.99355027383383043       -2.3806370272265086E-002
 -0.99081862357219164       -8.6796868742104752E-002
 -0.98411060827197838      -0.14944016166025301     
 -0.97346217231614451      -0.21148607845702083     
 -0.95892486666338428      -0.27268797294890629     
 -0.94056550203917721      -0.33280367651117526     
 -0.91846574715509866      -0.39159641617938529     
 -0.89272167560685334      -0.44883569503284326     
 -0.86344326514093217      -0.50429813259668255     
 -0.83075385298014448      -0.55776826336590013     
 -0.79478955086346958      -0.60903929190077355     
 -0.75569862338987848      -0.65791380326569582     
 -0.71364083316326377      -0.70420442788039550     
 -0.66878675612068328      -0.74773446012211842     
 -0.62131707029303851      -0.78833843025859995     
 -0.57142182110022866      -0.82586262950403655     
 -0.51929966612576051      -0.86016558817374811     
 -0.46515710215256639      -0.89111850706822338     
 -0.40920767707599326      -0.91860564234455055     
 -0.35167118914491075      -0.94252464423401228     
 -0.29277287582073586      -0.96278685004028131     
 -0.23274259438967926      -0.97931753190491722     
 -0.17181399631819802      -0.99205609985761278     
 -0.11022369720770230       -1.0009562606799927     
  -4.8210444083936543E-002  -1.0059861331059519     
   1.3985718349244197E-002  -1.0071283198609180     
   7.6124280951413853E-002  -1.0043799370094717     
  0.13796510141426180      -0.99775260103802155     
  0.19926923214329642      -0.98727237404924972     
  0.25979974337390194      -0.97297966739046493     
  0.31932254015975292      -0.95492910398141451     
  0.37760717186949933      -0.93318933955114025     
  0.43442763280708230      -0.90784284294070006     
  0.48956315253257948      -0.87898563558157317     
  0.54279897440491887      -0.84672699022081310     
  0.59392712079619980      -0.81118908893594532     
  0.64274714334104432      -0.77250664046755702     
  0.68906685648493693      -0.73082645689774262     
  0.73270305248473244      -0.68630698972014792     
  0.77348219589450840      -0.63911782538425899     
  0.81124109544305889      -0.58943914045459334     
  0.84582755107817231      -0.53746111660612750     
  0.87710097382025798      -0.48338331578197907     
  0.90493297593698052      -0.42741401596909007     
  0.92920792882463110      -0.36976950820316551     
  0.94982348586453946      -0.31067335559578152     
  0.96669106741758604      -0.25035561538435519     
  0.97973630503064280      -0.18905202523909528     
  0.98889944185946588      -0.12700315531917150     
  0.99413568626713522       -6.4453527851675088E-002
  0.99541551553951302       -1.6507063094653015E-003
  0.99272492667319345        6.1155643414896946E-002
  0.98606563124068658       0.12371471710543884     
  0.97545519142549131       0.18577555850752192     
  0.96092709444927016       0.24708806436400191     
  0.94253076278708436       0.30740400440823418     
  0.92033149778655721       0.36647805216506646     
  0.89441035457420526       0.42406882206584490     
  0.86486394644757170       0.47993990805386377     
  0.83180417731488543       0.53386091854923334     
  0.79535790115353910       0.58560850236364126     
  0.75566650791248879       0.63496735991278286     
  0.71288543577848917       0.68173123387409162     
  0.66718361025758355       0.72570387328628250     
  0.61874281108613249       0.76669996499118920     
  0.56775696857355695       0.80454602628285221     
  0.51443139158461870       0.83908125265846523     
  0.45898192998437154       0.87015831466431481     
  0.40163407498509601       0.89764409799985434     
  0.34262200144224692       0.92142038128592307     
  0.28218755673602397       0.94138444621887607     
  0.22057920143680271       0.95744961521965311     
  0.15805090747660827       0.96954571214274510     
   9.4861020025681822E-002  0.97761944213031271     
   3.1271089694135536E-002  0.98163468727566228     
  -3.2455317964319712E-002  0.98157271539083812     
  -9.6053828383585366E-002  0.97743229984699009     
 -0.15926047187912562       0.96922974916412619     
 -0.22181289790447187       0.95699884575870586     
 -0.28345158202624815       0.94079069400251902     
 -0.34392101801529207       0.92067347849328995     
 -0.40297088757816923       0.89673213417521480     
 -0.46035720046323680       0.86906793066511856     
 -0.51584339796482448       0.83779797382645194     
 -0.56920141321298356       0.80305462827899210     
 -0.62021268206815305       0.76498486512779429     
 -0.66866909893236970       0.72374953973272693     
 -0.71437391233266645       0.67952260481313220     
 -0.75714255571866529       0.63249026458550861     
 -0.79680340953516859       0.58285007596181271     
 -0.83319849127158496       0.53081000308974535     
 -0.86618407084308147       0.47658743169344714     
 -0.89563120931342499       0.42040814977407492     
 -0.92142621961696303       0.36250530125684227     
 -0.94347104856814779       0.30311831912761023     
 -0.96168358005323751       0.24249184449247543     
 -0.97599785987306042       0.18087463782341973     
 -0.98636424324176764       0.11851848842814797     
 -0.99274946643919049        5.5677127909516191E-002
 -0.99513664455974338       -7.3948469333880943E-003
 -0.99352519769588710       -7.0443036657017649E-002
 -0.98793070823721929      -0.13321428244485395     
 -0.97838471225656309      -0.19545768575631198     
 -0.96493442819223862      -0.25692560041300982     
 -0.94764242622218464      -0.31737459358933140     
 -0.92658624186269389      -0.37656637257971848     
 -0.90185793741486442      -0.43426867461352237     
 -0.87356361492864798      -0.49025611737450320     
 -0.84182288436125052      -0.54431100825181589     
 -0.80676829057759292      -0.59622411069888004     
 -0.76854470277980624      -0.64579536640287805     
 -0.72730866986466625      -0.69283457226841405     
 -0.68322774509686579      -0.73716201149239069     
 -0.63647978335644662      -0.77860903825230232     
 -0.58725221407480555      -0.81701861574637169     
 -0.53574129281953820      -0.85224580751121537     
 -0.48215133432785018      -0.88415822210144612     
 -0.42669392962496000      -0.91263641134662166     
 -0.36958714970117101      -0.93757422250540090     
 -0.31105473806213579      -0.95887910471614646     
 -0.25132529431401013      -0.97647237019922750     
 -0.19063145080111793      -0.99028941070085408     
 -0.12920904418055706       -1.0002798696835091     
  -6.7296283697703838E-002  -1.0064077707661392     
  -5.1329178203812515E-003  -1.0086516029005512     
   5.7040599201164548E-002  -1.0070043627413234     
  0.11898393935534955       -1.0014735546274141     
  0.18045773003489218      -0.99208114854703533     
  0.24122437894918930      -0.97886349640573989     
  0.30104889340605767      -0.96187120686356298     
  0.35969969258761608      -0.94116897895298690     
  0.41694941142910158      -0.91683539463794839     
  0.47257569467572386      -0.88896267042756461     
  0.52636197964193498      -0.85765636811917056     
  0.57809826613064752      -0.82303506471601984     
  0.62758187188815351      -0.78522998154795187     
  0.67461817187522577      -0.74438457262070568     
  0.71902131952782300      -0.70065407223351417     
  0.76061494806395658      -0.65420500193714992     
  0.79923284976884879      -0.60521463695756061     
  0.83471963106102942      -0.55387043228528354     
  0.86693134101025093      -0.50036940872938773     
  0.89573607084706974      -0.44491749935792091     
  0.92101452187689226      -0.38772885689557962     
  0.94266053909168845      -0.32902512282408058     
  0.96058160766407985      -0.26903465913159841     
  0.97469930941491989      -0.20799174388431751     
  0.98494973627070193      -0.14613573204483091     
  0.99128385767512106       -8.3710183237478752E-002
  0.99366783889383548       -2.0961958457899225E-002
  0.99208330715678417        4.1859711959382186E-002
  0.98652756262204733       0.10450418646860325     
  0.97701373122265067       0.16672039354333171     
  0.96357085657603270       0.22825783266354902     
  0.94624392829782067       0.28886759135511347     
  0.92509384426923325       0.34830337422141455     
  0.90019730466235126       0.40632253955850844     
  0.87164663583044855       0.46268713881028456     
  0.83954954252147362       0.51716495380583338     
  0.80402878727065386       0.56953052643395452     
  0.76522179627109488       0.61956617515653489     
  0.72328019150619682       0.66706299255014490     
  0.67836924945067534       0.71182181790023957     
  0.63066728720288834       0.75365417876099994     
  0.58036497749393912       0.79238319534174761     
  0.52766459462160908       0.82784444159290482     
  0.47277919397166035       0.85988675694463035     
  0.41593172840679815       0.88837300280247788     
  0.35735410541535861       0.91318075812839206     
  0.29728618950796942       0.93420294873249887     
  0.23597475492118258       0.95134840527043318     
  0.17367239422260505       0.96454234537993677     
  0.11063638890282122       0.97372677589520429     
   4.7127548476371871E-002  0.97886081164260763     
  -1.6590975011059283E-002  0.97992090794024855     
  -8.0254889866632054E-002  0.97690100458829832     
 -0.14359997759299786       0.96981257983821856     
 -0.20636330810759834       0.95868461355672763     
 -0.26828444969082277       0.94356345954414189     
 -0.32910666603491023       0.92451262771537668     
 -0.38857809287070488       0.90161247759417995     
 -0.44645288683857653       0.87495982529591954     
 -0.50249233953981309       0.84466746687064953     
 -0.55646595005084898       0.81086362153604863     
 -0.60815244959868353       0.77369129893982458     
 -0.65734077257438017       0.73330759514504229     
 -0.70383096859419048       0.68988292252252448     
 -0.74743505089537499       0.64360017915633971     
 -0.78797777696633886       0.59465386371724038     
 -0.82529735794810921       0.54324914203206554     
 -0.85924609399616714       0.48960087177344264     
 -0.88969093344811434       0.43393259181392213     
 -0.91651395429383964       0.37647548283372584     
 -0.93961276708160824       0.31746730574460830     
 -0.95890083900738932       0.25715132439813826     
 -0.97430773951826000       0.19577521889020302     
 -0.98577930830734739       0.13358999556075035     
 -0.99327774708206462        7.0848899525380815E-002
 -0.99678163694505406        7.8063352704957354E-003
 -0.99628588363508985       -5.5283199496322648E-002
 -0.99180159323116490      -0.11816616191670942     
 -0.98335588122610429      -0.18059098953665814     
 -0.97099161812633217      -0.24230909931142244     
 -0.95476711493281574      -0.30307585643252993     
 -0.93475575200647454      -0.36265150975651494     
 -0.91104555492196204      -0.42080209101633270     
 -0.88373872096976536      -0.47730027538666248     
 -0.85295109998159302      -0.53192620134887769     
 -0.81881163313196303      -0.58446824815646581     
 -0.78146175331395573      -0.63472376953391041     
 -0.74105475060362291      -0.68249978254896759     
 -0.69775510621997039      -0.72761361087798160     
 -0.65173779826017264      -0.76989348193513230     
 -0.60318758234707370      -0.80917907755858753     
 -0.55229825017225553      -0.84532203813929419     
 -0.49927186875701268      -0.87818642024190186     
 -0.44431800308921082      -0.90764910790282516     
 -0.38765292462971140      -0.93360017789884853     
 -0.32949880802101411      -0.95594321936241067     
 -0.27008291817589236      -0.97459560817851476     
 -0.20963678977764824      -0.98948873663504799     
 -0.14839540108845431       -1.0005681988153106     
  -8.6596343840015230E-002  -1.0077939322210405     
  -2.4478990873108494E-002  -1.0111403160985681     
   3.7716336899234204E-002  -1.0105962269124213     
   9.9749202705031820E-002  -1.0061650513722544     
  0.16137988386051494      -0.99786465737291929     
  0.22237019804764016      -0.98572732315640876     
  0.28248432453926553      -0.96979962495078620     
  0.34148961899183222      -0.95014228328761496     
  0.39915742040995345      -0.92682996814826035     
  0.45526384885439969      -0.89995106304321126     
  0.50959059241533766      -0.86960738808961757     
  0.56192568190728820      -0.83591388212289441     
  0.61206425166229994      -0.79899824386074259     
  0.65980928470469657      -0.75900053213444618     
  0.70497234048607171      -0.71607272521489151     
  0.74737426324484280      -0.67037823929136187     
  0.78684586893274122      -0.62209140621159298     
  0.82322860852344737      -0.57139691066346909     
  0.85637520538879686      -0.51848918707351710     
  0.88615026429841470      -0.46357177661621679     
  0.91243084947238917      -0.40685664487198669     
  0.93510702899698606      -0.34856346084111967     
  0.95408238280395741      -0.28891883821614278     
  0.96927447131841271      -0.22815554003586402     
  0.98061526180233582      -0.16651164809009480     
  0.98805150936455122      -0.10422969871354086     
  0.99154508957720777       -4.1555786898952944E-002
  0.99107327963754466        2.1261359028940708E-002
  0.98662898504557350        8.3971329608775874E-002
  0.97822090883690627       0.14632301039526108     
  0.96587366051848844       0.20806557880588894     
  0.94962780200628938       0.26894951804196721     
  0.92953982806035007       0.32872764410829342     
  0.90568207895568520       0.38715614160582357     
  0.87814258341835039       0.44399560363385848     
  0.84702483019468744       0.49901207081907351     
  0.81244746700762061       0.55197806419487028     
  0.77454392608521427       0.60267360639287626     
  0.73346197592081441       0.65088722538577715     
  0.68936319943724933       0.69641693484368972     
  0.64242239927496358       0.73907118504125147     
  0.59282693149979315       0.77866977818531913     
  0.54077596962357810       0.81504474202870481     
  0.48647970144226488       0.84804115569797389     
  0.43015846181313988       0.87751792179618648     
  0.37204180510628199       0.90334847904661753     
  0.31236752166569592       0.92542145002170140     
  0.25138060319312522       0.94364121885206975     
  0.18933216251242732       0.95792843423152363     
  0.12647831367502160       0.96822043352155651     
   6.3079018818119961E-002  0.97447158430864855     
  -6.0309142126705080E-004  0.97665354037260588     
  -6.4303916809784298E-002  0.97475540967708640     
 -0.12775909836208973       0.96878383268533619     
 -0.19070523357892613       0.95876297002533251     
 -0.25288108844396501       0.94473439926849856     
 -0.31402879854177351       0.92675692133394783     
 -0.37389505174211701       0.90490627777459831     
 -0.43223224506311669       0.87927478093127776     
 -0.48879960857476934       0.84997085964519870     
 -0.54336428953068716       0.81711852388756667     
 -0.59570239031386130       0.78085675228801832     
 -0.64559995424473626       0.74133880711252098     
 -0.69285389381874662       0.69873148174892608     
 -0.73727285650667196       0.65321428619852939     
 -0.77867802385501417       0.60497857644017872     
 -0.81690384025499740       0.55422663382658865     
 -0.85179866839749230       0.50117070088903504     
 -0.88322536908698956       0.44603198006643996     
 -0.91106180374086154       0.38903960193939180     
 -0.93520125854120706       0.33042956954158759     
 -0.95555278982696590       0.27044368524442619     
 -0.97204149090593184       0.20932846656997423     
 -0.98460868102301069       0.14733405708908584     
 -0.99321201773682166        8.4713138311586389E-002
 -0.99782553442692123        2.1719848181134281E-002
 -0.99843960507505736       -4.1391288544031124E-002
 -0.99506083883358032      -0.10436641310430987     
 -0.98771190721117674      -0.16695336420908588     
 -0.97643130697020863      -0.22890268402565503     
 -0.96127306204182783      -0.28996859495458410     
 -0.94230636792623856      -0.34990994386732838     
 -0.91961518215829097      -0.40849111088553686     
 -0.89329776448591736      -0.46548288017531719     
 -0.86346617043420726      -0.52066327060906648     
 -0.83024570191498837      -0.57381832450822567     
 -0.79377431849477076      -0.62474285301908161     
 -0.75420201285712862      -0.67324113698778920     
 -0.71169015389346368      -0.71912758248804753     
 -0.66641080073302394      -0.76222733041388613     
 -0.61854599088341400      -0.80237681977993158     
 -0.56828700550084632      -0.83942430457202022     
 -0.51583361464910771      -0.87323032416226087     
 -0.46139330524147226      -0.90366812744524927     
 -0.40518049419415275      -0.93062405096710099     
 -0.34741572915664420      -0.95399785140763882     
 -0.28832487902646259      -0.97370299284008499     
 -0.22813831630601786      -0.98966688923384205     
 -0.16709009322005569       -1.0018311026864877     
 -0.10541711338533473       -1.0101514978732002     
  -4.3358300711734930E-002  -1.0145983531878540     
   1.8846232882711790E-002  -1.0151564290224580     
   8.0956019440146701E-002  -1.0118249935930002     
  0.14273106517378836       -1.0046178066727198     
  0.20393267752415264      -0.99356306154098262     
  0.26432428768807081      -0.97870328539992169     
  0.32367226725389364      -0.96009519845448543     
  0.38174673756352673      -0.93780953179709059     
  0.43832237039100130      -0.91193080418831751     
  0.49317917847884934      -0.88255705778251536     
  0.54610329440858651      -0.84979955281425523     
  0.59688773620132785      -0.81378242124064548     
  0.64533315795043744      -0.77464227932784624     
  0.69124858368187869      -0.73252779917980482     
  0.73445212252155823      -0.68759923923524402     
  0.77477166312467427      -0.64002793380704592     
  0.81204554519236594      -0.58999574180797243     
  0.84612320576851285      -0.53769445489949674     
  0.87686579787729013      -0.48332516541749104     
  0.90414677893318418      -0.42709759457043311     
  0.92785246623293871      -0.36922938157316409     
  0.94788255672683330      -0.30994533457220275     
  0.96415060816842124      -0.24947664443695980     
  0.97658447866109932      -0.18806006273425258     
  0.98512672156045267      -0.12593704547017068     
  0.98973493265699575       -6.3352864471977077E-002
  0.99038204655849160       -5.5568859119806461E-004
  0.98705657921809331        6.2204362765347965E-002
  0.97976281361758411       0.12467619093039052     
  0.96852092571714798       0.18660871090130668     
  0.95336704792719562       0.24775186234492297     
  0.93435326754613535       0.30785763477598344     
  0.91154755784236996       0.36668110265274895     
  0.88503363974033156       0.42398146579363660     
  0.85491077239934898       0.47952309019652500     
  0.82129347135006836       0.53307654404394855     
  0.78431115327454592       0.58441962340962905     
  0.74410770698057793       0.63333836195142135     
  0.70084099062483907       0.67962801868940637     
  0.65468225577847439       0.72309403783188542     
  0.60581549949739055       0.76355297453227033     
  0.55443674615110572       0.80083338044154517     
  0.50075326137123655       0.83477664296849063     
  0.44498270109529536       0.86523777227663923     
  0.38735219929458481       0.89208613023526540     
  0.32809739857723452       0.91520609580264878     
  0.26746142843916793       0.93449766165308212     
  0.20569383648726797       0.94987695726289767     
  0.14304947847062066       0.96127669414198125     
   7.9787373418230292E-002  0.96864652943121465     
   1.6169530586404825E-002  0.97195334467702477     
  -4.7540244741659771E-002  0.97118143723441597     
 -0.11107755929442596       0.96633262243104323     
 -0.17417864618952944       0.95742624533759180     
 -0.23658157804331606       0.94449910172369844     
 -0.29802747118190920       0.92760526852307956     
 -0.35826167338493203       0.90681584487529987     
 -0.41703492773906825       0.88221860554356968     
 -0.47410450540679949       0.85391756921716133     
 -0.52923530042199085       0.82203248488303959     
 -0.58220088000312531       0.78669824008438638     
 -0.63278448432020917       0.74806419546509173     
 -0.68077997015483160       0.70629345052135284     
 -0.72599269344579387       0.66156204593793322     
 -0.76824032630562400       0.61405810827245844     
 -0.80735360471623252       0.56398094306292235     
 -0.84317700375475535       0.51154008266940709     
 -0.87556933785314706       0.45695429532044607     
 -0.90440428424743413       0.40045056191848033     
 -0.92957082841529026       0.34226302716982404     
 -0.95097363092499410       0.28263193154603472     
 -0.96853331571690926       0.22180253046023829     
 -0.98218668040337964       0.16002400685934448     
 -0.99188682969837683        9.7548383197502239E-002
 -0.99760323356948355        3.4629438474428648E-002
 -0.99932171213808663       -2.8478364298403187E-002
 -0.99704434973634426       -9.1520935192928782E-002
 -0.99078934086002146      -0.15424559438657426     
 -0.98059077103415337      -0.21640208487007925     
 -0.96649833583411526      -0.27774355700307779     
 -0.94857700147937851      -0.33802752148600479     
 -0.92690661054307610      -0.39701676772072442     
 -0.90158143640022537      -0.45448024492785966     
 -0.87270969007432853      -0.51019390377125007     
 -0.84041298313980362      -0.56394149660503168     
 -0.80482575030030812      -0.61551533480294451     
 -0.76609463519475174      -0.66471700194973227     
 -0.72437784288800799      -0.71135802196865372     
 -0.67984446238643337      -0.75526048152555547     
 -0.63267376238362738      -0.79625760628764253     
 -0.58305446329367172      -0.83419429082353824     
 -0.53118398847144177      -0.86892758211049004     
 -0.47726769735636621      -0.90032711676511989     
 -0.42151810311083865      -0.92827551223682581     
 -0.36415407716072168      -0.95266871229904360     
 -0.30540004288608569      -0.97341628724461116     
 -0.24548516055826738      -0.99044168923922182     
 -0.18464250547697533       -1.0036824633134225     
 -0.12310824113066751       -1.0130904144809632     
  -6.1120789086638865E-002  -1.0186317314618643     
   1.0800027842604808E-003  -1.0202870674647384     
   6.3253692228329078E-002  -1.0180515784471948     
  0.12516007322263714       -1.0119349192281164     
  0.18656000387826402       -1.0019611977738156     
  0.24721623026035056      -0.98816888792417235     
  0.30689420476379103      -0.97061070076742584     
  0.36536289767620289      -0.94935341481596658     
  0.42239560053413761      -0.92447766508280738     
  0.47777071983491148      -0.89607769111197322     
  0.53127255960577069      -0.86426104397832892     
  0.58269209125545063      -0.82914825224579325     
  0.63182770904189034      -0.79087244685983216     
  0.67848596938553507      -0.74957894495282396     
  0.72248231214217862      -0.70542479256148816     
  0.76364176182481180      -0.65857826629603688     
  0.80179960663287286      -0.60921833406284631     
  0.83680205301232313      -0.55753407502784114     
  0.86850685333403399      -0.50372405911775542     
  0.89678390414426867      -0.44799568649202287     
  0.92151581231297175      -0.39056448757994050     
  0.94259842628677148      -0.33165338446624887     
  0.95994132954781597      -0.27149191462325517     
  0.97346829329071638      -0.21031541822848551     
  0.98311768526191912      -0.14836419057247546     
  0.98884283166275555       -8.5882601350028551E-002
  0.99061232900313767       -2.3118182937852359E-002
  0.98841030281116560        3.9679309910901940E-002
  0.98223661015835129       0.10225886618243298     
  0.97210698305399146       0.16436920740278893     
  0.95805310989831050       0.22575979563851242     
  0.94012265236468628       0.28618185685294178     
  0.91837919530836143       0.34538941541830914     
  0.89290212757360188       0.40314033523892523     
  0.86378645189364056       0.45919736261270039     
  0.83114252244740261       0.51332916565356068     
  0.79509570905252314       0.56531136482263222     
  0.75578598743315084       0.61492754887806955     
  0.71336745550007263       0.66197027035862743     
  0.66800777611540674       0.70624201457079250     
  0.61988754737908291       0.74755613595932224     
  0.56919960206320031       0.78573775571159887     
  0.51614823842587498       0.82062461448175728     
  0.46094838525031678       0.85206787422458863     
  0.40382470456889907       0.87993286330421361     
  0.34501063613669802       0.90409975928967656     
  0.28474738830483404       0.92446420416885844     
  0.22328288050130018       0.94093784710196815     
  0.16087064304624904       0.95344881029344841     
   9.7768680500713495E-002  0.96194207408209143     
   3.4238305163800282E-002  0.96637977792779606     
  -2.9457052314343833E-002  0.96674143460267747     
  -9.3053047954891291E-002  0.96302405556597703     
 -0.15628563765382819       0.95524218620718782     
 -0.21889229098771371       0.94342785036997423     
 -0.28061319800156448       0.92763040431018928     
 -0.34119246140209181       0.90791630098358778     
 -0.40037926670712543       0.88436876629162642     
 -0.45792902311189398       0.85708738962611575     
 -0.51360446812131333       0.82618763173497023     
 -0.56717672935950725       0.79180025357208295     
 -0.61842633739705433       0.75407067038551834     
 -0.66714418392536057       0.71315823583196658     
 -0.71313242014756295       0.66923546137515799     
 -0.75620529083720323       0.62248717662652597     
 -0.79618990012978730       0.57310963661408498     
 -0.83292690574821104       0.52130958221802981     
 -0.86627113901080921       0.46730326018819401     
 -0.89609214862060527       0.41131540925992266     
 -0.92227466687673576       0.35357821891315433     
 -0.94471899757516531       0.29433026727784767     
 -0.96334132546760309       0.23381544458171333     
 -0.97807394771782197       0.17228186836884266     
 -0.98886542832719448       0.10998079649633992     
 -0.99568067699110130        4.7165543647134080E-002
 -0.99850095429095043       -1.5909593212171339E-002
 -0.99732380551999111       -7.8990395341973163E-002
 -0.99216292578311938      -0.14182376399062654     
 -0.98304795930070332      -0.20415873907418847     
 -0.97002423608430355      -0.26574749084176363     
 -0.95315244933913712      -0.32634628099654062     
 -0.93250827708608830      -0.38571639014468462     
 -0.90818195158756720      -0.44362500883953337     
 -0.88027778020966607      -0.49984608987202372     
 -0.84891362136143045      -0.55416115982558856     
 -0.81422031912455617      -0.60636008826120924     
 -0.77634110012759472      -0.65624181322283759     
 -0.73543093613208721      -0.70361502205263227     
 -0.69165587568830189      -0.74829878677761363     
 -0.64519234808973513      -0.79012315357327445     
 -0.59622644271249503      -0.82892968602476713     
 -0.54495316667218685      -0.86457196209243015     
 -0.49157568357086145      -0.89691602484596566     
 -0.43630453594361090      -0.92584078716131191     
 -0.37935685385190621      -0.95123839067728833     
 -0.32095555191186859      -0.97301451938687777     
 -0.26132851689317832      -0.99108866829223730     
 -0.20070778788076518       -1.0053943675851322     
 -0.13932873085901284       -1.0158793628275666     
  -7.7429209458864584E-002  -1.0225057516031899     
  -1.5248753503559405E-002  -1.0252500770909472     
   4.6972273099902033E-002  -1.0241033789808842     
  0.10899350364801305       -1.0190712021104988     
  0.17057539768487362       -1.0101735631511184     
  0.23148006641659644      -0.99744487562006112     
  0.29147209312609790      -0.98093383343836571     
  0.35031934721637065      -0.96070325319825756     
  0.40779379048993036      -0.93682987525179540     
  0.46367227423380958      -0.90940412368484902     
  0.51773732562397479      -0.87852982520117506     
  0.56977792189136300      -0.84432388691230875     
  0.61959025060510520      -0.80691593301261866     
  0.66697845432843939      -0.76644790031744348     
  0.71175535779105537      -0.72307359265787496     
  0.75374317560019310      -0.67695819416048775     
  0.79277419838401364      -0.62827774149597249     
  0.82869145512712683      -0.57721855525885557     
  0.86134934932249707      -0.52397663074269818     
  0.89061426642933217      -0.46875698850250302     
  0.91636514999627494      -0.41177298524935813     
  0.93849404368679246      -0.35324558580209503     
  0.95690659633280917      -0.29340259702702259     
  0.97152252704722109      -0.23247786492925926     
  0.98227604734995155      -0.17071043631699007     
  0.98911623720970177      -0.10834368674174708     
  0.99200737187855548       -4.5624416721626364E-002
  0.99092919640306587        1.7198081422314559E-002
  0.98587714473718069        7.9872983446524340E-002
  0.97686250046287015       0.14214891676000585     
  0.96391249624678643       0.20377496431108919     
  0.94707034932839074       0.26450168503923699     
  0.92639523054885875       0.32408214678361946     
  0.90196216469214008       0.38227296718692910     
  0.87386186022045098       0.43883535779438498     
  0.84220046684597050       0.49353616623087776     
  0.80709925978738639       0.54614891105068430     
  0.76869425001198388       0.59645480360114522     
  0.72713572025789308       0.64424375103105580     
  0.68258768716257701       0.68931533441288306     
  0.63522729038725501       0.73147975584145775     
  0.58524411021632561       0.77055874832601234     
  0.53283941571866533       0.80638644231205847     
  0.47822534617582324       0.83881018275833386     
  0.42162402910179664       0.86769129085451269     
  0.36326663879096577       0.89290576469890537     
  0.30339239992524719       0.91434491356199032     
  0.24224754133884271       0.93191592073992058     
  0.18008420556946791       0.94554233044929759     
  0.11715932030930756       0.95516445472624678     
   5.3733438298400805E-002  0.96073969686351335     
  -9.9304474302852330E-003  0.96224278854199752     
  -7.3568105748176557E-002  0.95966593847973614     
 -0.13691527964394795       0.95301889112269489     
 -0.19970890088429782       0.94232889462790081     
 -0.26168829949746014       0.92764057812985068     
 -0.32259640048132926       0.90901573902483845     
 -0.38218090024958506       0.88653304174380787     
 -0.44019541552338343       0.86028763020162113     
 -0.49640059764967115       0.83039065679873403     
 -0.55056520567515832       0.79696873150028780     
 -0.60246713192124901       0.76016329511855130     
 -0.65189437428242158       0.72012992146950860     
 -0.69864595000029261       0.67703755355645401     
 -0.74253274623875976       0.63106767934733032     
 -0.78337830339250658       0.58241345305429182     
 -0.82101952769179409       0.53127876809109620     
 -0.85530733031080641       0.47787728807545554     
 -0.88610719083498601       0.42243144235983054     
 -0.91329964358529792       0.36517139261715881     
 -0.93678068592527386       0.30633397698071252     
 -0.95646210828184042       0.24616163814387132     
 -0.97227174618602508       0.18490134167120265     
 -0.98415365517835041       0.12280349056279273     
 -0.99206820992080846        6.0120841855798773E-002
 -0.99599212930859238       -2.8925692523460909E-003
 -0.99591842977718437       -6.5982492608540541E-002
 -0.99185630935198843      -0.12889550884687420     
 -0.98383096528750436      -0.19138005326102125     
 -0.97188334839110535      -0.25318741379118281     
 -0.95606985732373095      -0.31407269951056904     
 -0.93646197631794770      -0.37379577639643580     
 -0.91314585985528218      -0.43212216756509120     
 -0.88622186790247170      -0.48882391553398041     
 -0.85580405532376536      -0.54368040444248356     
 -0.82201961906746335      -0.59647914051262108     
 -0.78500830667357335      -0.64701648935829925     
 -0.74492178957002508      -0.69509836905455002     
 -0.70192300452161904      -0.74054089815455104     
 -0.65618546647309017      -0.78317099809077284     
 -0.60789255588955238      -0.82282694961668434     
 -0.55723678354824202      -0.85935890313683716     
 -0.50441903557878454      -0.89262934293611707     
 -0.44964780138884985      -0.92251350545417077     
 -0.39313838695144121      -0.94889975185953424     
 -0.33511211577234257      -0.97168989526116223     
 -0.27579551970426891      -0.99079948295453579     
 -0.21541952163059525       -1.0061580341371461     
 -0.15421861190843714       -1.0177092335459887     
  -9.2430020340288355E-002  -1.0254110814699384     
  -3.0292885337058033E-002  -1.0292360005748384     
   3.1952578155422934E-002  -1.0291708999512428     
   9.4065910468432434E-002  -1.0252171967564609     
  0.15580723731947668       -1.0173907957764161     
  0.21693809681549622       -1.0057220271813696     
  0.27722226196718885      -0.99025554269535621     
  0.33642655733304200      -0.97105017034477936     
  0.39432166839494692      -0.94817872789956648     
  0.45068294223270411      -0.92172779507309333     
  0.50529117801300250      -0.89179744450723419     
  0.55793340574050121      -0.85850093153878138     
  0.60840365163563692      -0.82196434272545560     
  0.65650368840715934      -0.78232620310605172     
  0.70204376857884798      -0.73973704218206870     
  0.74484333891133603      -0.69435891863948351     
  0.78473173383366490      -0.64636490388099233     
  0.82154884566758446      -0.59593852451272722     
  0.85514576929342445      -0.54327316402661285     
  0.88538541877255539      -0.48857142404133885     
  0.91214311331124787      -0.43204444561228172     
  0.93530712982755015      -0.37391119129417461     
  0.95477921927024578      -0.31439768884005764     
  0.97047508374081692      -0.25373623764580416     
  0.98232481138950767      -0.19216457930057934     
  0.99027326599902854      -0.12992503387873372     
  0.99428042813813178       -6.7263603906087210E-002
  0.99432168476613814       -4.4290482509853381E-003
  0.99038806420226899        5.8328071475028873E-002
  0.98248641344389120       0.12075636907412510     
  0.97063951492873024       0.18260463318656453     
  0.95488613999056848       0.24362284433050344     
  0.93528103645820027       0.30356320554391852     
  0.91189484809512600       0.36218118226056278     
  0.88481396387358224       0.41923654670977878     
  0.85414029542112557       0.47449442180721152     
  0.81999098137034232       0.52772631920680468     
  0.78249801778057193       0.57871116592087735     
  0.74180781428200893       0.62723631369148247     
  0.69808067611333136       0.67309852511936641     
  0.65149021277914831       0.71610493043304901     
  0.60222267463708212       0.75607394871565337     
  0.55047621932921820       0.79283616740623453     
  0.49646011059106071       0.82623517395969959     
  0.44039385259435082       0.85612833368812413     
  0.38250626359880541       0.88238750801827670     
  0.32303449329225009       0.90489970768606642     
  0.26222298877875799       0.92356767574759158     
  0.20032241472025805       0.93831039571616282     
  0.13758853363891016       0.94906352063127786     
   7.4281052836121492E-002  0.95577971942373530     
   1.0662444770925901E-002  0.95842893755418246     
  -5.3003251941911328E-002  0.95699856956241836     
 -0.11645164351154624       0.95149354186261370     
 -0.17941919636417158       0.94193630484523527     
 -0.24164444930727430       0.92836673408917225     
 -0.30286921483020024       0.91084194123621087     
 -0.36283976199928919       0.88943599582327992     
 -0.42130797358299099       0.86423956009460967     
 -0.47803247030039869       0.83535943951527736     
 -0.53277969542084402       0.80291805236938396     
 -0.58532495334651180       0.76705282244099005     
 -0.63545339627714170       0.72791549933568078     
 -0.68296095357746966       0.68567141149822608     
 -0.72765519903499520       0.64049865741158307     
 -0.76935615179823535       0.59258724082026593     
 -0.80789700741382642       0.54213815610416594     
 -0.84312479602453194       0.48936243013603986     
 -0.87490096543944940       0.43448012708733497     
 -0.90310188743286335       0.37771932270442238     
 -0.92761928626020962       0.31931505456356712     
 -0.94836058899017661       0.25950825473211697     
 -0.96524919783360386       0.19854467112047508     
 -0.97822468519606021       0.13667378361026902     
 -0.98724291268636111        7.4147720795221334E-002
 -0.99227607577347066        1.1220182879479538E-002
 -0.99331267619599006       -5.1854624049220449E-002
 -0.99035742458961784      -0.11482303750991538     
 -0.98343107610747782      -0.17743296739750036     
 -0.97257020206592992      -0.23943489993665920     
 -0.95782690085520239      -0.30058287312505044     
 -0.93926845151150284      -0.36063542036954854     
 -0.91697691345748933      -0.41935647941406479     
 -0.89104867598400550      -0.47651626404235903     
 -0.86159396107119479      -0.53189209640973967     
 -0.82873628313526559      -0.58526919820973466     
 -0.79261186924231875      -0.63644143921244301     
 -0.75336904325697407      -0.68521204201774866     
 -0.71116757729533142      -0.73139424214692639     
 -0.66617801373337426      -0.77481190284901524     
 -0.61858096088748282      -0.81530008422288847     
 -0.56856636533737392      -0.85270556645190998     
 -0.51633276370744208      -0.88688732711562979     
 -0.46208651656384037      -0.91771697268274355     
 -0.40604102692516486      -0.94507912440251030     
 -0.34841594572747542      -0.96887175889928645     
 -0.28943636643249365      -0.98900650383839273     
 -0.22933201082377080       -1.0054088890729913     
 -0.16833640790171894       -1.0180185537030317     
 -0.10668606766665685       -1.0267894094807972     
  -4.4619651471155895E-002  -1.0316897609854390     
   1.7622859469592356E-002  -1.0327023829635138     
   7.9800995896772614E-002  -1.0298245551964051     
  0.14167463120246884       -1.0230680552111107     
  0.20300480958670661       -1.0124591091007662     
  0.26355457028653806      -0.99803830066798793     
  0.32308976649082011      -0.97986043905022147     
  0.38137987754020952      -0.95799438493430167     
  0.43819881297990776      -0.93252283541988013     
  0.49332570698347783      -0.90354206755073030     
  0.54654570160050586      -0.87116164050160871     
  0.59765071720013296      -0.83550405638868452     
  0.64644020838791871      -0.79670437966581675     
  0.69272190356676033      -0.75490981507930055     
  0.73631252619558063      -0.71027924418216803     
  0.77703849567436445      -0.66298272045757634     
  0.81473660565328920      -0.61320092317094421     
  0.84925467742982730      -0.56112457016378559     
  0.88045218596371344      -0.50695378991985851     
  0.90820085590872790      -0.45089745337723885     
  0.93238522493572062      -0.39317246612884865     
  0.95290317150675985      -0.33400302184904773     
  0.96966640415946270      -0.27361981800496277     
  0.98260090927732191      -0.21225923515763287     
  0.99164735426009565      -0.15016248142866698     
  0.99676144297204061       -8.7574704001265602E-002
  0.99791422033882760       -2.4744069837927568E-002
  0.99509232299015471        3.8079181871872696E-002
  0.98829817290792310       0.10064371267570327     
  0.97755011114262014       0.16269808002043110     
  0.96288246880610817       0.22399175103865504     
  0.94434557273970399       0.28427613102431637     
  0.92200568349400069       0.34330560230687118     
  0.89594486354237457       0.40083856888921121     
  0.86626077398379142       0.45663850188819521     
  0.83306639837175389       0.51047498051491191     
  0.79648969273343628       0.56212472306147943     
  0.75667316131366380       0.61137260212913502     
  0.71377335808878561       0.65801263814525546     
  0.66796031464102223       0.70184896508114059     
  0.61941689555883694       0.74269676220374581     
  0.56833808312664447       0.78038314567826694     
  0.51493019368015558       0.81474801388892948     
  0.45941002862352937       0.84564484046587240     
  0.40200396372226305       0.87294140919887842     
  0.34294698089193426       0.89652048528482942     
  0.28248164728775654       0.91628041769475510     
  0.22085704705360179       0.93213566785634161     
  0.15832767160201039       0.94401726032545785     
   9.5152274759486677E-002  0.95187315166088438     
   3.1592699515419147E-002  0.95566851431380018     
  -3.2087316549500949E-002  0.95538593299023333     
  -9.5623349815165598E-002  0.95102551163193683     
 -0.15875150562835985       0.94260488987936064     
 -0.22120963213457231       0.93015916861910686     
 -0.28273852528842125       0.91374074496646851     
 -0.34308311746373393       0.89341905778009123     
 -0.40199364223724265       0.86928024553913241     
 -0.45922676815524821       0.84142671912249833     
 -0.51454669460629987       0.80997665270428065     
 -0.56772620330930323       0.77506339660966217     
 -0.61854765937851031       0.73683481655258642     
 -0.66680395643643198       0.69545256419285639     
 -0.71229940080378373       0.65109128439987574     
 -0.75485053039239747       0.60393776498825358     
 -0.79428686455243880       0.55419003499379105     
 -0.83045158176895284       0.50205641778529331     
 -0.86320212275448205       0.44775454545809740     
 -0.89241071713436426       0.39151034103046961     
 -0.91796483255994932       0.33355697496677839     
 -0.93976754570373777       0.27413380248542840     
 -0.95773783518155386       0.21348528797986291     
 -0.97181079700354500       0.15185992269325849     
 -0.98193778367231943        8.9509141548300017E-002
 -0.98808646851829440        2.6686244749572461E-002
 -0.99024083728585310       -3.6354670545118428E-002
 -0.98840110935683634       -9.9359763539406981E-002
 -0.98258359131894268      -0.16207648352780524     
 -0.97282046585549331      -0.22425457985810640     
 -0.95915951915039555      -0.28564708434300828     
 -0.94166381016949041      -0.34601126273753230     
 -0.92041128529900951      -0.40510953229548791     
 -0.89549434189642751      -0.46271034280593493     
 -0.86701934434191785      -0.51858901888462738     
 -0.83510609617362663      -0.57252856165173749     
 -0.79988727185110753      -0.62432040826236967     
 -0.76150781162270342      -0.67376514806776100     
 -0.72012428287873542      -0.72067319447053757     
 -0.67590421125738553      -0.76486541179548073     
 -0.62902538463839075      -0.80617369672705730     
 -0.57967513301524931      -0.84444151406610102     
 -0.52804958708354255      -0.87952438673062949     
 -0.47435291822495013      -0.91129034007036513     
 -0.41879656240709529      -0.93962030068204905     
 -0.36159843036173639      -0.96440845000433972     
 -0.30298210625098049      -0.98556253303852992     
 -0.24317603688579298       -1.0030041225862825     
 -0.18241271342547838       -1.0166688394200665     
 -0.12092784736307438       -1.0265065288081259     
  -5.8959542491507554E-002  -1.0324813938059061     
   3.2525355496161633E-003  -1.0345720857022929     
   6.5467990625367511E-002  -1.0327717519742259     
  0.12744652689518590       -1.0270880420597559     
  0.18894877762459736       -1.0175430712099442     
  0.24973713062784264       -1.0041733426267341     
  0.30957654895703846      -0.98702962803958771     
  0.36823538544188428      -0.96617680682085494     
  0.42548618965431695      -0.94169366369101226     
  0.48110650582550168      -0.91367264502259449     
  0.53487966017897814      -0.88221957371824922     
  0.58659553606474424      -0.84745332261625417     
  0.63605133518590407      -0.80950544636833199     
  0.68305232310383046      -0.76851977174185271     
  0.72741255709145225      -0.72465194632359808     
  0.76895559427938487      -0.67806894564707676     
  0.80751517790856453      -0.62894853883165758     
  0.84293589936843971      -0.57747871291105080     
  0.87507383356451329      -0.52385705614219302     
  0.90379714502623310      -0.46829010072436578     
  0.92898666203923286      -0.41099262552308169     
  0.95053641596829730      -0.35218691958419057     
  0.96835414283285071      -0.29210200744070364     
  0.98236174410911581      -0.23097283745743602     
  0.99249570366627615      -0.16903943472568175     
  0.99870745770195313      -0.10654602031018684     
   1.0009637145290013       -4.3740098961534947E-002
  0.99924672108482093        1.9128482264006975E-002
  0.99355447308969391        8.1808501691436206E-002
  0.98390086587537950       0.14404835388045145     
  0.97031578304227595       0.20559706014416151     
  0.95284512028532276       0.26620529486963307     
  0.93155074195732124       0.32562642341890202     
  0.90651036821467179       0.38361754704142870     
  0.87781739091504640       0.43994054989802295     
  0.84558061680875973       0.49436314298867179     
  0.80992393698415888       0.54665989949928062     
  0.77098592198981308       0.59661327584192370     
  0.72891934255920976       0.64401461246648517     
  0.68389061640257720       0.68866510837495465     
  0.63607918209985082       0.73037676317905098     
  0.58567680172219361       0.76897328051257763     
  0.53288679441948383       0.80429092664643953     
  0.47792320382959319       0.83617933826008461     
  0.42100990278326056       0.86450227350066933     
  0.36237963938655043       0.88913830071163080     
  0.30227302915162679       0.90998141953538592     
  0.24093749840611556       0.92694160948896975     
  0.17862618473204581       0.93994530157351419     
  0.11559680065799226       0.94893576900408327     
   5.2110467243927407E-002  0.95387343372964295     
  -1.1569475450413680E-002  0.95473608604669624     
  -7.5178673742950300E-002  0.95151901528601324     
 -0.13845297407882273       0.94423505026060928     
 -0.20112963755672353       0.93291450889452976     
 -0.26294854759872499       0.91760505719538443     
 -0.32365340317742713       0.89837147847789001     
 -0.38299289014580384       0.87529535447982587     
 -0.44072182342900790       0.84847466072484767     
 -0.49660225312991024       0.81802327916806028     
 -0.55040452796613570       0.78407043180032665     
 -0.60190830988932043       0.74676003947707892     
 -0.65090353422960834       0.70625001076912031     
 -0.69719131025140391       0.66271146610000720     
 -0.74058475759076692       0.61632790283194128     
 -0.78090977466070133       0.56729430728597696     
 -0.81800573574785229       0.51581621993058779     
 -0.85172611417262911       0.46210876014454721     
 -0.88193902953459724       0.40639561705644944     
 -0.90852771770661456       0.34890801298618124     
 -0.93139092286574610       0.28988364596668142     
 -0.95044321144837751       0.22956561771192371     
 -0.96561520848398530       0.16820135322473062     
 -0.97685375729057300       0.10604151801201982     
 -0.98412200399979988        4.3338938602237038E-002
 -0.98739940881741284       -1.9652468252743454E-002
 -0.98668168631196729       -8.2678752653656609E-002
 -0.98198067736033579      -0.14548697023969587     
 -0.97332415566155617      -0.20782619820300327     
 -0.96075557196153760      -0.26944852474806269     
 -0.94433373931129361      -0.33011000851355776     
 -0.92413246281274952      -0.38957160487331316     
 -0.90024011739149323      -0.44760005642420986     
 -0.87275917717835305      -0.50396874534755032     
 -0.84180570008510391      -0.55845850569198963     
 -0.80750877112791741      -0.61085839396727348     
 -0.77000990798962621      -0.66096641675572487     
 -0.72946243222279916      -0.70859021434045688     
 -0.68603080938440486      -0.75354769961402601     
 -0.63988996126379760      -0.79566765176766074     
 -0.59122455322311185      -0.83479026446881521     
 -0.54022825951694053      -0.87076764841361787     
 -0.48710300930024780      -0.90346428829128733     
 -0.43205821587341153      -0.93275745432061874     
 -0.37530999155443584      -0.95853756861542272     
 -0.31708035041375615      -0.98070852670782527     
 -0.25759640095942155      -0.99918797460736752     
 -0.19708953072221835       -1.0139075418018506     
 -0.13579458456363891       -1.0248130306149830     
  -7.3949038416338528E-002  -1.0318645623283800     
  -1.1792170068412310E-002  -1.0350366804537270     
   5.0435771479275908E-002  -1.0343184115073853     
  0.11249439661837730       -1.0297132835969278     
  0.17414400428360011       -1.0212393030795792     
  0.23514640825976160       -1.0089288894988733     
  0.29526575926663562      -0.99282876895060457     
  0.35426936143439414      -0.97299982597490464     
  0.41192848175573660      -0.94951691402055860     
  0.46801915105642428      -0.92246862448300315     
  0.52232295496469117      -0.89195701428127183     
  0.57462781328292778      -0.85809729191387085     
  0.62472874607343454      -0.82101746192150338     
  0.67242862466547104      -0.78085792768792206     
  0.71753890567509560      -0.73777105253108688     
  0.75988034600447596      -0.69192067907718813     
  0.79928369665578824      -0.64348160697174528     
  0.83559037305910489      -0.59263902906649335     
  0.86865309947664870      -0.53958792632945629     
  0.89833652491055682      -0.48453242185954210     
  0.92451780781117598      -0.42768509454692799     
  0.94708716676142157      -0.36926625310681088     
  0.96594839420359546      -0.30950317142677219     
  0.98101933018210663      -0.24862928640657253     
  0.99223229300271920      -0.18688335973270373     
  0.99953446366024312      -0.12450860531701112     
   1.0028882208659371       -6.1751784437116368E-002
   1.0022714235171555        1.1377290563847769E-003
  0.99767763749862182        6.3908910758125090E-002
  0.98911630379053617       0.12631007188909849     
  0.97661284498655232       0.18808986621622215     
  0.96020870749705800       0.24899831392139046     
  0.93996133693213224       0.30878783826974315     
  0.91594408442536412       0.36721431057460263     
  0.88824604197493895       0.42403809861970060     
  0.85697180524172800       0.47902511338456649     
  0.82224116265431646       0.53194784863311595     
  0.78418871012574953       0.58258640767542824     
  0.74296339118300159       0.63072951140519229     
  0.69872796284349203       0.67617548155682383     
  0.65165838813802868       0.71873319302286054     
  0.60194315677004229       0.75822298902936736     
  0.54978253600961291       0.79447755298937639     
  0.49538775453951017       0.82734273094556066     
  0.43898012259050601       0.85667829867599654     
  0.38079009231527322       0.88235866777238681     
  0.32105626294461798       0.90427352530854643     
  0.26002433583684598       0.92232840209692069     
  0.19794602506105077       0.93644516497962182     
  0.13507792963869383       0.94656242911367106     
   7.1680373996230895E-002  0.95263588678217803     
   8.0162235467353977E-003  0.95463854988710739     
  -5.5650317386513021E-002  0.95256090394691606     
 -0.11905491787245617       0.94641097212451564     
 -0.18193433533002637       0.93621428853769206     
 -0.24402762551525659       0.92201378084469532     
 -0.30507733994109659       0.90386956284119824     
 -0.36483070324709388       0.88185863854013880     
 -0.42304076323244655       0.85607451992217920     
 -0.47946750654138948       0.82662676123113166     
 -0.53387893333952141       0.79364041333586643     
 -0.58605208473725590       0.75725540227898036     
 -0.63577401719465521       0.71762583667497026     
 -0.68284271867208002       0.67491924910018508     
 -0.72706796186420053       0.62931577702812647     
 -0.76827209046129086       0.58100728920287803     
 -0.80629073501140225       0.53019646360817518     
 -0.84097345559998504       0.47709582337896134     
 -0.87218430920996237       0.42192673711671091     
 -0.89980234026573236       0.36491839011117461     
 -0.92372199349020545       0.30630673294258387     
 -0.94385344880667421       0.24633341384391733     
 -0.96012287858979550       0.18524470104768234     
 -0.97247262810597235       0.12329040113170038     
 -0.98086132047772479        6.0722779120093780E-002
 -0.98526388795508735       -2.2045142040175020E-003
 -0.98567153167660571       -6.5237502651506019E-002
 -0.98209161245116594      -0.12812292788415491     
 -0.97454747538871667      -0.19060927119431534     
 -0.96307821145298689      -0.25244774981939855     
 -0.94773835920348248      -0.31339328420261242     
 -0.92859755013909029      -0.37320543301044867     
 -0.90574010115396231      -0.43164929311057926     
 -0.87926455767101308      -0.48849636209589076     
 -0.84928319103284189      -0.54352536130687534     
 -0.81592145370805380      -0.59652301765166948     
 -0.77931739581693571      -0.64728480284752465     
 -0.73962104639854231      -0.69561562900691010     
 -0.69699376273582825      -0.74133049976394128     
 -0.65160755093088241      -0.78425511638115164     
 -0.60364436078285211      -0.82422643849212707     
 -0.55329535787091755      -0.86109319932204775     
 -0.50076017558762254      -0.89471637538607585     
 -0.44624614970768911      -0.92496961079553108     
 -0.38996753791757305      -0.95173959640504546     
 -0.33214472657460964      -0.97492640411180531     
 -0.27300342681450790      -0.99444377667229644     
 -0.21277386198472295       -1.0102193734345848     
 -0.15168994825111662       -1.0221949723972108     
  -8.9988470108242874E-002  -1.0303266290015145     
  -2.7908252421211113E-002  -1.0345847920449989     
   3.4310669459265801E-002  -1.0349543770716634     
   9.6427880036270161E-002  -1.0314347975535976     
  0.15820341303949473       -1.0240399541291025     
  0.21939857844335728       -1.0127981821087630     
  0.27977678575651638      -0.99775215740485246     
  0.33910436220440743      -0.97895876098377366     
  0.39715136440347182      -0.95648890188851432     
  0.45369238208483453      -0.93042729883084119     
  0.50850733236703649      -0.90087222031368330     
  0.56138224300303885      -0.86793518321527896     
  0.61211002293733652      -0.83174060975054831     
  0.66049121840614089      -0.79242544272406412     
  0.70633475269899315      -0.75013871900507834     
  0.74945864757586045      -0.70504110119032359     
  0.78969072420204967      -0.65730436747660381     
  0.82686928132669024      -0.60711085984414426     
  0.86084374829190347      -0.55465289075471913     
  0.89147531032214999      -0.50013210869684455     
  0.91863750340992412      -0.44375882306465592     
  0.94221677598845099      -0.38575128903796163     
  0.96211301446804498      -0.32633495333846013     
  0.97824002961414125      -0.26574166197087074     
  0.99052600066568419      -0.20420883131692452     
  0.99891387403654741      -0.14197858423342558     
   1.0033617134139687       -7.9296853111015350E-002
   1.0038429980705250       -1.6412452175356085E-002
   1.0003468662436914        4.6423878345906354E-002
  0.99287830051303383       0.10896045321253707     
  0.98145825222269567       0.17094564497654902     
  0.96612370215878296       0.23212890489485402     
  0.94692765489963893       0.29226179787715761     
  0.92393906451333851       0.35109904703927225     
  0.89724268958174347       0.40839958308878882     
  0.86693887588403817       0.46392759344747364     
  0.83314326547377171       0.51745356571969847     
  0.79598643133005387       0.56875531985558370     
  0.75561343725262631       0.61761902313818107     
  0.71218332319796651       0.66384018195254946     
  0.66586851681421255       0.70722460417717992     
  0.61685417252037444       0.74758932598052819     
  0.56533744008289599       0.78476349681226587     
  0.51152666526219059       0.81858921645421934     
  0.45564052572461156       0.84892231814267261     
  0.39790710603216817       0.87563309199343786     
  0.33856291612353451       0.89860694325415236     
  0.27785185827570175       0.91774498027357598     
  0.21602414807623804       0.93296452751271086     
  0.15333519543205823       0.94419955942335343     
   9.0044452082912313E-002  0.95140105158082322     
   2.6414232468271574E-002  0.95453724607233392     
  -3.7291484892312411E-002  0.95359382880281085     
 -0.10080826810903171       0.94857401707687561     
 -0.16387244716906560       0.93949855653928072     
 -0.22622232609514539       0.92640562729573228     
 -0.28759938440075739       0.90935065978079044     
 -0.34774946032350135       0.88840606167825942     
 -0.40642390849751764       0.86366085792115699     
 -0.46338072498530214       0.83522024649233539     
 -0.51838563292396200       0.80320507340309899     
 -0.57121312244496536       0.76775123083656505     
 -0.62164743899243957       0.72900898299691919     
 -0.66948351468479250       0.68714222469824915     
 -0.71452783792879671       0.64232767815175340     
 -0.75659925709465736       0.59475403376370894     
 -0.79552971468502709       0.54462104103603115     
 -0.83116490907041318       0.49213855586542438     
 -0.86336488150807300       0.43752555066631138     
 -0.89200452680181364       0.38100909379861286     
 -0.91697402658716198       0.32282330476695731     
 -0.93817920483195028       0.26320829157708370     
 -0.95554180571912883       0.20240907649306664     
 -0.96899969462019941       0.14067451624135516     
 -0.97850698336873920        7.8256222460881555E-002
 -0.98403408149978977        1.5407487909518385E-002
 -0.98556767552927438       -4.7617776386966258E-002
 -0.98311063870596149      -0.11056608820939542     
 -0.97668187397575057      -0.17318542098199055     
 -0.96631609315409628      -0.23522620629725680     
 -0.95206353550796219      -0.29644230844893760     
 -0.93398962910536654      -0.35659196768845963     
 -0.91217459840056725      -0.41543870931125382     
 -0.88671302158906251      -0.47275221606073620     
