  -5.2254887462344293       -1.5502888124520546     
  -5.2179102262204475       -1.5753898677366012     
  -5.2102046201029495       -1.6004525531895117     
  -5.2023721106670848       -1.6254762568951060     
  -5.1944128833363532       -1.6504603676943532     
  -5.1863271261706956       -1.6754042751930729     
  -5.1781150298645748       -1.7003073697701307     
  -5.1697767877450502       -1.7251690425856352     
  -5.1613125957698465       -1.7499886855891371     
  -5.1527226525254060       -1.7747656915278323     
  -5.1440071592249357       -1.7994994539547717     
  -5.1351663197064443       -1.8241893672370835     
  -5.1262003404307652       -1.8488348265642045     
  -5.1171094304795801       -1.8734352279561284     
  -5.1078938015534350       -1.8979899682716701     
  -5.0985536679697514       -1.9224984452167486     
  -5.0890892466608397       -1.9469600573526884     
  -5.0795007571719122       -1.9713742041045414     
  -5.0697884216591049       -1.9957402857694295     
  -5.0599524648874983       -2.0200577035249081     
  -5.0499931142291503       -2.0443258594373490     
  -5.0399105996611340       -2.0685441564703440     
  -5.0297051537635893       -2.0927119984931295     
  -5.0193770117177809       -2.1168287902890275     
  -5.0089264113041665       -2.1408939375639076     
  -4.9983535929004752       -2.1649068469546662     
  -4.9876587994797976       -2.1888669260377225     
  -4.9768422766086822       -2.2127735833375337     
  -4.9659042724452442       -2.2366262283351266     
  -4.9548450377372770       -2.2604242714766447     
  -4.9436648258203784       -2.2841671241819119     
  -4.9323638926160740       -2.3078541988530175     
  -4.9209424966299560       -2.3314849088829099     
  -4.9094008989498210       -2.3550586686640145     
  -4.8977393632438107       -2.3785748935968636     
  -4.8859581557585621       -2.4020330000987475     
  -4.8740575453173536       -2.4254324056123782     
  -4.8620378033182572       -2.4487725286145756     
  -4.8498992037322894       -2.4720527886249695     
  -4.8376420231015640       -2.4952726062147188     
  -4.8252665405374442       -2.5184314030152533     
  -4.8127730377186921       -2.5415286017270300     
  -4.8001617988896195       -2.5645636261283120     
  -4.7874331108582346       -2.5875359010839660     
  -4.7745872629943893       -2.6104448525542812     
  -4.7616245472279175       -2.6332899076038059     
  -4.7485452580467769       -2.6560704944102089     
  -4.7353496924951806       -2.6787860422731602     
  -4.7220381501717261       -2.7014359816232321     
  -4.7086109332275239       -2.7240197440308251     
  -4.6950683463643132       -2.7465367622151149     
  -4.6814106968325770       -2.7689864700530200     
  -4.6676382944296462       -2.7913683025881966     
  -4.6537514514978024       -2.8136816960400535     
  -4.6397504829223708       -2.8359260878127923     
  -4.6256357061298017       -2.8581009165044708     
  -4.6114074410857517       -2.8802056219160912     
  -4.5970660102931475       -2.9022396450607135     
  -4.5826117387902503       -2.9242024281725927     
  -4.5680449541487018       -2.9460934147163420     
  -4.5533659864715643       -2.9679120493961220     
  -4.5385751683913522       -2.9896577781648550     
  -4.5236728350680488       -3.0113300482334666     
  -4.5086593241871160       -3.0329283080801530     
  -4.4935349759574894       -3.0544520074596764     
  -4.4783001331095615       -3.0759005974126850     
  -4.4629551408931531       -3.0972735302750638     
  -4.4475003470754739       -3.1185702596873122     
  -4.4319361019390664       -3.1397902406039488     
  -4.4162627582797365       -3.1609329293029451     
  -4.4004806714044715       -3.1819977833951900     
  -4.3845901991293434       -3.2029842618339806     
  -4.3685917017773956       -3.2238918249245438     
  -4.3524855421765123       -3.2447199343335900     
  -4.3362720856572805       -3.2654680530988935     
  -4.3199517000508232       -3.2861356456389066     
  -4.3035247556866265       -3.3067221777624041     
  -4.2869916253903417       -3.3272271166781575     
  -4.2703526844815771       -3.3476499310046437     
  -4.2536083107716633       -3.3679900907797848     
  -4.2367588845614090       -3.3882470674707226     
  -4.2198047886388306       -3.4084203339836230     
  -4.2027464082768660       -3.4285093646735176     
  -4.1855841312310673       -3.4485136353541788     
  -4.1683183477372783       -3.4684326233080296     
  -4.1509494505092839       -3.4882658072960893     
  -4.1334778347364436       -3.5080126675679537     
  -4.1159038980813065       -3.5276726858718170     
  -4.0982280406771983       -3.5472453454645256     
  -4.0804506651257935       -3.5667301311216724     
  -4.0625721764946627       -3.5861265291477307     
  -4.0445929823147999       -3.6054340273862273     
  -4.0265134925781290       -3.6246521152299542     
  -4.0083341197349869       -3.6437802836312243     
  -3.9900552786915839       -3.6628180251121636     
  -3.9716773868074484       -3.6817648337750510     
  -3.9532008638928469       -3.7006202053126960     
  -3.9346261322061831       -3.7193836370188604     
  -3.9159536164513771       -3.7380546277987237     
  -3.8971837437752259       -3.7566326781793884     
  -3.8783169437647431       -3.7751172903204302     
  -3.8593536484444768       -3.7935079680244885     
  -3.8402942922738124       -3.8118042167478956     
  -3.8211393121442501       -3.8300055436113496     
  -3.8018891473766665       -3.8481114574106212     
  -3.7825442397185536       -3.8661214686272984     
  -3.7631050333412341       -3.8840350894395668     
  -3.7435719748370566       -3.9018518337330184     
  -3.7239455132165613       -3.9195712171114963     
  -3.7042260999056209       -3.9371927569079617     
  -3.6844141887425499       -3.9547159721953937     
  -3.6645102359751807       -3.9721403837977087     
  -3.6445147002579041       -3.9894655143007096     
  -3.6244280426486686       -4.0066908880630541     
  -3.6042507266059385       -4.0238160312272520     
  -3.5839832179856073       -4.0408404717306823     
  -3.5636259850378611       -4.0577637393166421     
  -3.5431794984039935       -4.0745853655454205     
  -3.5226442311131692       -4.0913048838054040     
  -3.5020206585791356       -4.1079218293242166     
  -3.4813092585968803       -4.1244357391798889     
  -3.4605105113392378       -4.1408461523120765     
  -3.4396248993534435       -4.1571526095333065     
  -3.4186529075576373       -4.1733546535402803     
  -3.3975950232373178       -4.1894518289252094     
  -3.3764517360417461       -4.2054436821872025     
  -3.3552235379803066       -4.2213297617437027     
  -3.3339109234188178       -4.2371096179419663     
  -3.3125143890758006       -4.2527828030705956     
  -3.2910344340187030       -4.2683488713711153     
  -3.2694715596600794       -4.2838073790496027     
  -3.2478262697537308       -4.2991578842883609     
  -3.2260990703907995       -4.3143999472576393     
  -3.2042904699958208       -4.3295331301274045     
  -3.1824009793227339       -4.3445569970791533     
  -3.1604311114508472       -4.3594711143177713     
  -3.1383813817807606       -4.3742750500834386     
  -3.1162523080302420       -4.3889683746635724     
  -3.0940444102300573       -4.4035506604048198     
  -3.0717582107197559       -4.4180214817250869     
  -3.0493942341434046       -4.4323804151256132     
  -3.0269530074452766       -4.4466270392030856     
  -3.0044350598654859       -4.4607609346617911     
  -2.9818409229355747       -4.4747816843258121     
  -2.9591711304740458       -4.4886888731512622     
  -2.9364262185818419       -4.5024820882385548     
  -2.9136067256377722       -4.5161609188447196     
  -2.8907131922938802       -4.5297249563957509     
  -2.8677461614707589       -4.5431737944989967     
  -2.8447061783528058       -4.5565070289555862     
  -2.8215937903834192       -4.5697242577728945     
  -2.7984095472601371       -4.5828250811770426     
  -2.7751540009297138       -4.5958091016254423     
  -2.7518277055831346       -4.6086759238193666     
  -2.7284312176505710       -4.6214251547165688     
  -2.7049650957962683       -4.6340564035439291     
  -2.6814299009133742       -4.6465692818101427     
  -2.6578261961186964       -4.6589634033184435     
  -2.6341545467474003       -4.6712383841793610     
  -2.6104155203476349       -4.6833938428235156     
  -2.5866096866750943       -4.6954294000144507     
  -2.5627376176875085       -4.7073446788614950     
  -2.5387998875390672       -4.7191393048326642     
  -2.5147970725747695       -4.7308129057675963     
  -2.4907297513247073       -4.7423651118905212     
  -2.4665985044982719       -4.7537955558232641     
  -2.4424039149782919       -4.7651038725982833     
  -2.4181465678150960       -4.7762896996717421     
  -2.3938270502204988       -4.7873526769366137     
  -2.3694459515617163       -4.7982924467358190     
  -2.3450038633551995       -4.8091086538753958     
  -2.3205013792603966       -4.8198009456377067     
  -2.2959390950734324       -4.8303689717946705     
  -2.2713176087207128       -4.8408123846210334     
  -2.2466375202524480       -4.8511308389076655     
  -2.2218994318360954       -4.8613239919748938     
  -2.1971039477497207       -4.8713915036858646     
  -2.1722516743752793       -4.8813330364599352     
  -2.1473432201918117       -4.8911482552861010     
  -2.1223791957685574       -4.9008368277364429     
  -2.0973602137579843       -4.9103984239796192     
  -2.0722868888887298       -4.9198327167943745     
  -2.0471598379584601       -4.9291393815830835     
  -2.0219796798266372       -4.9383180963853253     
  -1.9967470354072032       -4.9473685418914846     
  -1.9714625276611715       -4.9562904014563802     
  -1.9461267815891303       -4.9650833611129279     
  -1.9207404242236550       -4.9737471095858226     
  -1.8953040846216287       -4.9822813383052553     
  -1.8698183938564719       -4.9906857414206582     
  -1.8442839850102763       -4.9989600158144727     
  -1.8187014931658472       -5.0071038611159500     
  -1.7930715553986480       -5.0151169797149739     
  -1.7673948107686530       -5.0229990767759158     
  -1.7416719003120986       -5.0307498602515155     
  -1.7159034670331399       -5.0383690408967867     
  -1.6900901558954091       -5.0458563322829537     
  -1.6642326138134733       -5.0532114508114123     
  -1.6383314896441927       -5.0604341157277197     
  -1.6123874341779796       -5.0675240491356126     
  -1.5864011001299543       -5.0744809760110492     
  -1.5603731421310003       -5.0813046242162825     
  -1.5343042167187175       -5.0879947245139592     
  -1.5081949823282725       -5.0945510105812497     
  -1.4820460992831455       -5.1009732190240005     
  -1.4558582297857749       -5.1072610893909181     
  -1.4296320379081000       -5.1134143641877809     
  -1.4033681895819978       -5.1194327888916744     
  -1.3770673525896204       -5.1253161119652555     
  -1.3507301965536282       -5.1310640848710412     
  -1.3243573929273209       -5.1366764620857195     
  -1.2979496149846674       -5.1421530011144858     
  -1.2715075378102341       -5.1474934625053974     
  -1.2450318382890102       -5.1526976098637451     
  -1.2185231950961330       -5.1577652098664410     
  -1.1919822886865108       -5.1626960322764175     
  -1.1654098012843410       -5.1674898499570316     
  -1.1388064168725267       -5.1721464388864797     
  -1.1121728211819859       -5.1766655781722060     
  -1.0855097016808528       -5.1810470500653159     
  -1.0588177475635694       -5.1852906399749763     
  -1.0320976497398637       -5.1893961364828138     
  -1.0053501008236105       -5.1933633313572987     
 -0.97857579512157467       -5.1971920195681180     
 -0.95177542862202913       -5.2008819993005364     
 -0.92494969898324908       -5.2044330719697429     
 -0.89809930552187656       -5.2078450422351885     
 -0.87122494920115390       -5.2111177180149086     
 -0.84432733261902448       -5.2142509104998389     
 -0.81740715999609936       -5.2172444341681246     
 -0.79046513716348743       -5.2200981067994228     
 -0.76350197155049104       -5.2228117494892015     
 -0.73651837217216531       -5.2253851866630372     
 -0.70951504961674128       -5.2278182460909122     
 -0.68249271603291506       -5.2301107589015121     
 -0.65545208511700159       -5.2322625595965278     
 -0.62839387209995567       -5.2342734860649571     
 -0.60131879373425912       -5.2361433795974079     
 -0.57422756828067634       -5.2378720849004017     
 -0.54712091549487807       -5.2394594501106804     
 -0.51999955661393327       -5.2409053268095143     
 -0.49286421434267047       -5.2422095700369988     
 -0.46571561283990748       -5.2433720383063580     
 -0.43855447770455047       -5.2443925936182350     
 -0.41138153596156096       -5.2452711014749820     
 -0.38419751604779162       -5.2460074308949336     
 -0.35700314779768932       -5.2466014544266759     
 -0.32979916242886531       -5.2470530481632993     
 -0.30258629252753222       -5.2473620917566395     
 -0.27536527203380612       -5.2475284684314962     
 -0.24813683622687430       -5.2475520649998417     
 -0.22090172171002664       -5.2474327718750020     
 -0.19366066639555071       -5.2471704830858217     
 -0.16641440948948935       -5.2467650962908001     
 -0.13916369147626001       -5.2462165127922091     
 -0.11190925410313515       -5.2455246375501776     
  -8.4651840364582898E-002  -5.2446893791967488     
  -5.7392194486467055E-002  -5.2437106500499135     
  -3.0131061910105946E-002  -5.2425883661276034     
  -2.8691892761891920E-003  -5.2413224471616555     
   2.4392675591448202E-002  -5.2399128166117448     
   5.1653783702195123E-002  -5.2383594016792738     
   7.8913384915177728E-002  -5.2366621333212313     
  0.10617072795591748       -5.2348209462640067     
  0.13342506043313443       -5.2328357790171660     
  0.16067562885569653       -5.2307065738871863     
  0.18792167864971532       -5.2284332769911446     
  0.21516245417578872       -5.2260158382703645     
  0.24239719874639146       -5.2234542115040101     
  0.26962515464341347       -5.2207483543226383     
  0.29684556313584720       -5.2178982282216984     
  0.32405766449762363       -5.2149037985749791     
  0.35126069802559828       -5.2117650346480033     
  0.37845390205768725       -5.2084819096113710     
  0.40563651399115347       -5.2050544005540420     
  0.43280777030104439       -5.2014824884965645     
  0.45996690655878053       -5.1977661584042423     
  0.48711315745089634       -5.1939053992002444     
  0.51424575679793283       -5.1899002037786470     
  0.54136393757348289       -5.1857505690174159     
  0.56846693192338993       -5.1814564957913234     
  0.59555397118509912       -5.1770179889847983     
  0.62262428590716290       -5.1724350575047033     
  0.64967710586890026       -5.1677077142930470     
  0.67671166010021044       -5.1628359763396228     
  0.70372717690154074       -5.1578198646945728     
  0.73072288386401019       -5.1526594044808807     
  0.75769800788968744       -5.1473546249067814     
  0.78465177521202500       -5.1419055592780989     
  0.81158341141644896       -5.1363122450105037     
  0.83849214146110496       -5.1305747236416828     
  0.86537718969775956       -5.1246930408434350     
  0.89223777989285968       -5.1186672464336773     
  0.91907313524874812       -5.1124973943883623     
  0.94588247842503603       -5.1061835428533149     
  0.97266503156013295       -5.0997257541559726     
  0.99942001629293464       -5.0931240948170391     
   1.0261466537846684       -5.0863786355620437     
   1.0528441647408970       -5.0794894513328055     
   1.0795117694336804       -5.0724566212988051     
   1.1061486877238971       -5.0652802288684562     
   1.1327541390837226       -5.0579603617002782     
   1.1593273426192687       -5.0504971117139696     
   1.1858675170933815       -5.0428905751013815     
   1.2123738809485989       -5.0351408523373822     
   1.2388456523302680       -5.0272480481906250     
   1.2652820491098231       -5.0192122717342036     
   1.2916822889082225       -5.0110336363562045     
   1.3180455891195471       -5.0027122597701501     
   1.3443711669347582       -4.9942482640253303     
   1.3706582393656168       -4.9856417755170295     
   1.3969060232687611       -4.9768929249966334     
   1.4231137353699457       -4.9680018475816308     
   1.4492805922884393       -4.9589686827654997     
   1.4754058105615813       -4.9497935744274768     
   1.5014886066694952       -4.9404766708422141     
   1.5275281970599610       -4.9310181246893148     
   1.5535237981734398       -4.9214180930627567     
   1.5794746264682549       -4.9116767374801888     
   1.6053798984459227       -4.9017942238921108     
   1.6312388306766343       -4.8917707226909251     
   1.6570506398248848       -4.8816064087198612     
   1.6828145426752452       -4.8713014612817727     
   1.7085297561582808       -4.8608560641477974     
   1.7341954973766065       -4.8502704055658779     
   1.7598109836310818       -4.8395446782691423     
   1.7853754324471429       -4.8286790794841323     
   1.8108880616012684       -4.8176738109388779     
   1.8363480891475810       -4.8065290788708168     
   1.8617547334445830       -4.7952450940345450     
   1.8871072131820266       -4.7838220717094000     
   1.9124047474079195       -4.7722602317068725     
   1.9376465555556694       -4.7605597983778321     
   1.9628318574713650       -4.7487210006195832     
   1.9879598734412012       -4.7367440718827307     
   2.0130298242190450       -4.7246292501778608     
   2.0380409310541499       -4.7123767780820414     
   2.0629924157190138       -4.6999869027451329     
   2.0878835005373881       -4.6874598758959189     
   2.1127134084124344       -4.6747959538480472     
   2.1374813628550333       -4.6619953975057902     
   2.1621865880122391       -4.6490584723696280     
   2.1868283086958868       -4.6359854485416436     
   2.2114057504113447       -4.6227766007307425     
   2.2359181393864134       -4.6094322082576893     
   2.2603647026003713       -4.5959525550599674     
   2.2847446678131584       -4.5823379296964522     
   2.3090572635947049       -4.5685886253519117     
   2.3333017193543930       -4.5547049398413160     
   2.3574772653706595       -4.5406871756139653     
   2.3815831328207282       -4.5265356397574301     
   2.4056185538104740       -4.5122506440013046     
   2.4295827614044181       -4.4978325047207690     
   2.4534749896558488       -4.4832815429399533     
   2.4772944736370666       -4.4685980843351114     
   2.5010404494697567       -4.4537824592375914     
   2.5247121543554765       -4.4388350026366057     
   2.5483088266062697       -4.4237560541817968     
   2.5718297056753943       -4.4085459581855959     
   2.5952740321881671       -4.3932050636253708     
   2.6186410479729263       -4.3777337241453615     
   2.6419299960921023       -4.3621322980584027     
   2.6651401208734051       -4.3464011483474243     
   2.6882706679411186       -4.3305406426667377     
   2.7113208842475025       -4.3145511533430945     
   2.7342900181043066       -4.2984330573765224     
   2.7571773192143820       -4.2821867364409334     
   2.7799820387034022       -4.2658125768845032     
   2.8027034291516828       -4.2493109697298168     
   2.8253407446261036       -4.2326823106737850     
   2.8478932407121254       -4.2159270000873166     
   2.8703601745459077       -4.1990454430147599     
   2.8927408048465177       -4.1820380491730997     
   2.9150343919482347       -4.1649052329509137     
   2.9372401978329425       -4.1476474134070820     
   2.9593574861626157       -4.1302650142692547     
   2.9813855223118879       -4.1127584639320629     
   3.0033235734007087       -4.0951281954550902     
   3.0251709083270844       -4.0773746465605809     
   3.0469267977998964       -4.0594982596309004     
   3.0685905143718033       -4.0414994817057401     
   3.0901613324722179       -4.0233787644790580     
   3.1116385284403578       -4.0051365642957677     
   3.1330213805583740       -3.9867733421481582     
   3.1543091690845446       -3.9682895636720552     
   3.1755011762865410       -3.9496856991427145     
   3.1965966864747601       -3.9309622234704520     
   3.2175949860357198       -3.9121196161960001     
   3.2384953634655154       -3.8931583614855985     
   3.2592971094033398       -3.8740789481258098     
   3.2799995166650580       -3.8548818695180636     
   3.3006018802768367       -3.8355676236729237     
   3.3211034975088287       -3.8161367132040804     
   3.3415036679089063       -3.7965896453220642     
   3.3618016933364423       -3.7769269318276772     
   3.3819968779961394       -3.7571490891051473     
   3.4020885284718996       -3.7372566381149950     
   3.4220759537607357       -3.7172501043866202     
   3.4419584653067221       -3.6971300180106010     
   3.4617353770349792       -3.6768969136307055     
   3.4814060053856948       -3.6565513304356148     
   3.5009696693481720       -3.6360938121503570     
   3.5204256904949092       -3.6155249070274507     
   3.5397733930157029       -3.5948451678377538     
   3.5590121037517766       -3.5740551518610197     
   3.5781411522299278       -3.5531554208761582     
   3.5971598706966961       -3.5321465411512016     
   3.6160675941525442       -3.5110290834329705     
   3.6348636603860540       -3.4898036229364422     
   3.6535474100081329       -3.4684707393338217     
   3.6721181864862276       -3.4470310167433085     
   3.6905753361785454       -3.4254850437175630     
   3.7089182083682770       -3.4038334132318715     
   3.7271461552978216       -3.3820767226720045     
   3.7452585322030085       -3.3602155738217738     
   3.7632546973473180       -3.3382505728502831     
   3.7811340120560919       -3.3161823302988727     
   3.7988958407507396       -3.2940114610677593     
   3.8165395509829301       -3.2717385844023670     
   3.8340645134687703       -3.2493643238793548     
   3.8514701021229700       -3.2268893073923328     
   3.8687556940929864       -3.2043141671372770     
   3.8859206697931463       -3.1816395395976320     
   3.9029644129387453       -3.1588660655291121     
   3.9198863105801203       -3.1359943899441927     
   3.9366857531366888       -3.1130251620962981     
   3.9533621344309555       -3.0899590354636861     
   3.9699148517224785       -3.0667966677330232     
   3.9863433057417921       -3.0435387207826619     
   4.0026469007242822       -3.0201858606656100     
   4.0188250444440081       -2.9967387575921993     
   4.0348771482474595       -2.9731980859124474     
   4.0508026270872515       -2.9495645240981170     
   4.0666008995557483       -2.9258387547244697     
   4.0822713879185999       -2.9020214644517113     
   4.0978135181481985       -2.8781133440061257     
   4.1132267199570434       -2.8541150881608992     
   4.1285104268310011       -2.8300273957166246     
   4.1436640760624668       -2.8058509694814919     
   4.1586871087834183       -2.7815865162511488     
   4.1735789699983519       -2.7572347467882383     
   4.1883391086171127       -2.7327963758016076     
   4.2029669774876011       -2.7082721219251811     
   4.2174620334283670       -2.6836627076965001     
   4.2318237372610827       -2.6589688595349266     
   4.2460515538429036       -2.6341913077195112     
   4.2601449520987060       -2.6093307863665225     
   4.2741034050532098       -2.5843880334066469     
   4.2879263898629887       -2.5593637905618492     
   4.3016133878483549       -2.5342588033219080     
   4.3151638845251350       -2.5090738209206207     
   4.3285773696363163       -2.4838095963116862     
   4.3418533371835801       -2.4584668861442647     
   4.3549912854587065       -2.4330464507382192     
   4.3679907170748509       -2.4075490540590447     
   4.3808511389976950       -2.3819754636924806     
   4.3935720625764558       -2.3563264508188140     
   4.4061530035747580       -2.3306027901868771     
   4.4185934822013646       -2.3048052600877358     
   4.4308930231407579       -2.2789346423280734     
   4.4430511555835652       -2.2529917222032707     
   4.4550674132568293       -2.2269772884701831     
   4.4669413344541153       -2.2008921333196168     
   4.4786724620654486       -2.1747370523485032     
   4.4902603436070843       -2.1485128445317723     
   4.5017045312510993       -2.1222203121939267     
   4.5130045818547986       -2.0958602609803170     
   4.5241600569899454       -2.0694334998281190     
   4.5351705229717938       -2.0429408409370109     
   4.5460355508879307       -2.0163830997395560     
   4.5567547166269238       -1.9897610948712883     
   4.5673276009067596       -1.9630756481405027     
   4.5777537893030855       -1.9363275844977506     
   4.5880328722772328       -1.9095177320050423     
   4.5981644452040351       -1.8826469218047577     
   4.6081481083994218       -1.8557159880882652     
   4.6179834671477975       -1.8287257680642508     
   4.6276701317291904       -1.8016771019267599     
   4.6372077174461763       -1.7745708328229512     
   4.6465958446505722       -1.7474078068205647     
   4.6558341387698867       -1.7201888728751071     
   4.6649222303335405       -1.6929148827967540     
   4.6738597549988361       -1.6655866912169710     
   4.6826463535766889       -1.6382051555548587     
   4.6912816720570998       -1.6107711359832169     
   4.6997653616343813       -1.5832854953943367     
   4.7080970787321244       -1.5557490993655196     
   4.7162764850279046       -1.5281628161243233     
   4.7243032474777253       -1.5005275165135408     
   4.7321770383401915       -1.4728440739559121     
   4.7398975352004191       -1.4451133644185710     
   4.7474644209936621       -1.4173362663772300     
   4.7548773840286715       -1.3895136607801053     
   4.7621361180107655       -1.3616464310115841     
   4.7692403220646229       -1.3337354628556364     
   4.7761897007567864       -1.3057816444589747     
   4.7829839641178760       -1.2777858662939634     
   4.7896228276645090       -1.2497490211212796     
   4.7961060124209247       -1.2216720039523308     
   4.8024332449403131       -1.1935557120114288     
   4.8086042573258307       -1.1654010446977241     
   4.8146187872513240       -1.1372089035469037     
   4.8204765779817347       -1.1089801921926559     
   4.8261773783931980       -1.0807158163279014     
   4.8317209429928250       -1.0524166836657982     
   4.8371070319381682       -1.0240837039005206     
   4.8423354110563697      -0.99571778866781457     
   4.8474058518629795      -0.96731985150533539     
   4.8523181315804544      -0.93889080781276746     
   4.8570720331563288      -0.91043157481173165     
   4.8616673452810470      -0.88194307150548157     
   4.8661038624054722      -0.85342621863839307     
   4.8703813847580495      -0.82488193865524984     
   4.8744997183616370      -0.79631115566032817     
   4.8784586750499921      -0.76771479537628362     
   4.8822580724839142      -0.73909378510284351     
   4.8858977341670409      -0.71044905367530908     
   4.8893774894613005      -0.68178153142286824     
   4.8926971736020066      -0.65309215012672539     
   4.8958566277126048      -0.62438184297804911     
   4.8988556988190641      -0.59565154453574187     
   4.9016942398639101      -0.56690219068403602     
   4.9043721097199038      -0.53813471858991857     
   4.9068891732033526      -0.50935006666038751     
   4.9092453010870702      -0.48054917449954559     
   4.9114403701129614      -0.45173298286553265     
   4.9134742630042529      -0.42290243362730140     
   4.9153468684773536      -0.39405846972124037     
   4.9170580812533480      -0.36520203510764765     
   4.9186078020691220      -0.33633407472705945     
   4.9199959376881210      -0.30745553445643775     
   4.9212224009107386      -0.27856736106522156     
   4.9222871105843309      -0.24967050217124587     
   4.9231899916128645      -0.22076590619653369     
   4.9239309749661899      -0.19185452232296579     
   4.9245099976889390      -0.16293730044783380     
   4.9249270029090493      -0.13401519113928184     
   4.9251819398459125      -0.10508914559164277     
   4.9252747638181376       -7.6160115580674981E-002
   4.9252054362509368       -4.7229053418705612E-002
   4.9249739246831243       -1.8296911909686363E-002
   4.9245802027737255        1.0635355695832155E-002
   4.9240242503081877        3.9566795745801818E-002
   4.9233060532041977        6.8496454231848830E-002
   4.9224256035170892        9.7423376834511147E-002
   4.9213828994448461       0.12634660896853733     
   4.9201779453326804       0.15526519582824325     
   4.9188107516771984       0.18417818243292400     
   4.9172813351301370       0.21308461367231882     
   4.9155897185016713       0.24198353435212749     
   4.9137359307632922       0.27087398923957751     
   4.9117200070502456       0.29975502310904045     
   4.9095419886635456       0.32862568078769794     
   4.9072019230715460       0.35748500720125509     
   4.9046998639110884       0.38633204741970084     
   4.9020358709882172       0.41516584670311252     
   4.8992100102784724       0.44398545054750294     
   4.8962223539267598       0.47278990473070559     
   4.8930729802468056       0.50157825535829437     
   4.8897619737201961       0.53034954890953301     
   4.8862894249950113       0.55910283228334889     
   4.8826554308840429       0.58783715284432514     
   4.8788600943626204       0.61655155846870480     
   4.8749035245660215       0.64524509759040116     
   4.8707858367864922       0.67391681924700808     
   4.8665071524698584       0.70256577312580260     
   4.8620675992117430       0.73119100960973549     
   4.8574673107533766       0.75979157982340262     
   4.8527064269770142       0.78836653567899073     
   4.8477850939009457       0.81691492992219372     
   4.8427034636741064       0.84543581617809194     
   4.8374616945702833       0.87392824899699162     
   4.8320599509819209       0.90239128390021683     
   4.8264984034135203       0.93082397742585110     
   4.8207772284746326       0.95922538717442296     
   4.8148966088724503       0.98759457185453148     
   4.8088567334039922        1.0159305913284062     
   4.8026577969478774        1.0442325066573983     
   4.7963000004556999        1.0724993801473977     
   4.7897835509429951        1.1007302753941719     
   4.7831086614797949        1.1289242573286231     
   4.7762755511807864        1.1570803922619572     
   4.7692844451950567        1.1851977479307636     
   4.7621355746954377        1.2132753935419975     
   4.7548291768674460        1.2413123998178655     
   4.7473654948978163        1.2693078390406041     
   4.7397447779626365        1.2972607850971527     
   4.7319672812150779        1.3251703135237136     
   4.7240332657727269        1.3530355015501951     
   4.7159429987045129        1.3808554281445335     
   4.7076967530172436        1.4086291740568917     
   4.6992948076417411        1.4363558218637260     
   4.6907374474185763        1.4640344560117222     
   4.6820249630834203        1.4916641628615928     
   4.6731576512519934        1.5192440307317312     
   4.6641358144046254        1.5467731499417228     
   4.6549597608704314        1.5742506128557030     
   4.6456298048110902        1.6016755139255625     
   4.6361462662042472        1.6290469497339946     
   4.6265094708265231        1.6563640190373783     
   4.6167197502361468        1.6836258228084970     
   4.6067774417552059        1.7108314642790847     
   4.5966828884515198        1.7379800489821986     
   4.5864364391201331        1.7650706847944131     
   4.5760384482644394        1.7921024819778308     
   4.5654892760769297        1.8190745532219068     
   4.5547892884195749        1.8459860136850836     
   4.5439388568038330        1.8728359810362305     
   4.5329383583703020        1.8996235754958857     
   4.5217881758680010        1.9263479198772961     
   4.5104886976332956        1.9530081396272512     
   4.4990403175684657        1.9796033628667078     
   4.4874434351199133        2.0061327204312014     
   4.4756984552560244        2.0325953459110413     
   4.4638057884446765        2.0589903756912848     
   4.4517658506303990        2.0853169489914865     
   4.4395790632111920        2.1115742079052220     
   4.4272458530149974        2.1377612974393796     
   4.4147666522758398        2.1638773655532177     
   4.4021418986096199        2.1899215631971845     
   4.3893720349895853        2.2158930443514948     
   4.3764575097214653        2.2417909660644675     
   4.3633987764182782        2.2676144884906089     
   4.3501962939748182        2.2933627749284504     
   4.3368505265418147        2.3190349918581301     
   4.3233619434997799        2.3446303089787186     
   4.3097310194325402        2.3701478992452856     
   4.2959582341004516        2.3955869389057014     
   4.2820440724133126        2.4209466075371759     
   4.2679890244029686        2.4462260880825304     
   4.2537935851956181        2.4714245668861947     
   4.2394582549838153        2.4965412337299364     
   4.2249835389981865        2.5215752818683104     
   4.2103699474788483        2.5465259080638343     
   4.1956179956465478        2.5713923126218807     
   4.1807282036735094        2.5961736994252900     
   4.1657010966540122        2.6208692759686967     
   4.1505372045746913        2.6454782533925707     
   4.1352370622845660        2.6699998465169701     
   4.1198012094648035        2.6944332738750028     
   4.1042301905982272        2.7187777577459942     
   4.0885245549385596        2.7430325241883633     
   4.0726848564794249        2.7671968030721974     
   4.0567116539230943        2.7912698281115285     
   4.0406055106489998        2.8152508368963067     
   4.0243669946820040        2.8391390709240656     
   4.0079966786604411        2.8629337756312796     
   3.9914951398039329        2.8866342004244063     
   3.9748629598809755        2.9102395987106107     
   3.9581007251763105        2.9337492279281663     
   3.9412090264580768        2.9571623495765280     
   3.9241884589447498        2.9804782292460734     
   3.9070396222718666        3.0036961366475037     
   3.8897631204585403        3.0268153456409022     
   3.8723595618737616        3.0498351342644474     
   3.8548295592024915        3.0727547847627701     
   3.8371737294115396        3.0955735836149598     
   3.8193926937152329        3.1182908215622120     
   3.8014870775408722        3.1409057936351155     
   3.7834575104939749        3.1634177991805852     
   3.7653046263233083        3.1858261418884335     
   3.7470290628857157        3.2081301298175857     
   3.7286314621107315        3.2303290754219458     
   3.7101124699649994        3.2524222955759043     
   3.6914727364164914        3.2744091115995042     
   3.6727129153985358        3.2962888492832576     
   3.6538336647736602        3.3180608389126207     
   3.6348356462972600        3.3397244152921282     
   3.6157195255810950        3.3612789177691869     
   3.5964859720566258        3.3827236902575311     
   3.5771356589381962        3.4040580812603394     
   3.5576692631860678        3.4252814438930121     
   3.5380874654693160        3.4463931359056077     
   3.5183909501285924        3.4673925197049371     
   3.4985804051387577        3.4882789623763162     
   3.4786565220713963        3.5090518357049723     
   3.4586199960572093        3.5297105161971016     
   3.4384715257482985        3.5502543851005797     
   3.4182118132803399        3.5706828284253205     
   3.3978415642346520        3.5909952369632796     
   3.3773614876001656        3.6111910063081059     
   3.3567722957352926        3.6312695368744357     
   3.3360747043297025        3.6512302339168299     
   3.3152694323660099        3.6710725075483523     
   3.2943572020813674        3.6907957727587872     
   3.2733387389289823        3.7103994494324981     
   3.2522147715395460        3.7298829623659246     
   3.2309860316825874        3.7492457412847187     
   3.2096532542277525        3.7684872208605169     
   3.1882171771060093        3.7876068407273524     
   3.1666785412707878        3.8066040454977044     
   3.1450380906590540        3.8254782847781836     
   3.1232965721523218        3.8442290131848571     
   3.1014547355376081        3.8628556903582094     
   3.0795133334683342        3.8813577809777433     
   3.0574731214251742        3.8997347547762162     
   3.0353348576768591        3.9179860865535181     
   3.0130993032409354        3.9361112561901845     
   2.9907672218444854        3.9541097486605525     
   2.9683393798848088        3.9719810540455538     
   2.9458165463900743        3.9897246675451501     
   2.9231994929799412        4.0073400894904063     
   2.9004889938261544        4.0248268253552091     
   2.8776858256131219        4.0421843857676238     
   2.8547907674984678        4.0594122865208977     
   2.8318046010735780        4.0765100485841046     
   2.8087281103241288        4.0934771981124349     
   2.7855620815906144        4.1103132664571280     
   2.7623073035288654        4.1270177901750582     
   2.7389645670705725        4.1435903110379595     
   2.7155346653838084        4.1600303760413029     
   2.6920183938335631        4.1763375374128229     
   2.6684165499422852        4.1925113526206923     
   2.6447299333504399        4.2085513843813525     
   2.6209593457770843        4.2244572006669889     
   2.5971055909804632        4.2402283747126672     
   2.5731694747186316        4.2558644850231220     
   2.5491518047101036        4.2713651153791989     
   2.5250533905945338        4.2867298548439612     
   2.5008750438934335        4.3019582977684454     
   2.4766175779709259        4.3170500437970869     
   2.4522818079945408        4.3320046978728017     
   2.4278685508960578        4.3468218702417314     
   2.4033786253323939        4.3615011764576552     
   2.3788128516465443        4.3760422373860655     
   2.3541720518285789        4.3904446792079135     
   2.3294570494766953        4.4047081334230240     
   2.3046686697583318        4.4188322368531807     
   2.2798077393713450        4.4328166316448820     
   2.2548750865052569        4.4466609652717759     
   2.2298715408025678        4.4603648905367690     
   2.2047979333201448        4.4739280655738130     
   2.1796550964906860        4.4873501538493734     
   2.1544438640842625        4.5006308241635793     
   2.1291650711699419        4.5137697506510541     
   2.1038195540774991        4.5267666127814419     
   2.0784081503592100        4.5396210953596103     
   2.0529316987517392        4.5523328885255552     
   2.0273910391381174        4.5649016877539896     
   2.0017870125098169        4.5773271938536348     
   1.9761204609289225        4.5896091129662047     
   1.9503922274904053        4.6017471565650911     
   1.9246031562844996        4.6137410414537587     
   1.8987540923591844        4.6255904897638356     
   1.8728458816827762        4.6372952289529223     
   1.8468793711066323        4.6488549918021054     
   1.8208554083279671        4.6602695164131891     
   1.7947748418527889        4.6715385462056460     
   1.7686385209589541        4.6826618299132869     
   1.7424472956593458        4.6936391215806514     
   1.7162020166651792        4.7044701805591318     
   1.6899035353494376        4.7151547715028208     
   1.6635527037104385        4.7256926643640975     
   1.6371503743355407        4.7360836343889403     
   1.6106974003649885        4.7463274621119842     
   1.5841946354559031        4.7564239333513143     
   1.5576429337464186        4.7663728392029947     
   1.5310431498199717        4.7761739760353468     
   1.5043961386697451        4.7858271454829593     
   1.4777027556632694        4.7953321544404472     
   1.4509638565071843        4.8046888150559415     
   1.4241802972121640        4.8138969447243243     
   1.3973529340580044        4.8229563660801986     
   1.3704826235588776        4.8318669069905908     
   1.3435702224287489        4.8406284005473914     
   1.3166165875469602        4.8492406850595255     
   1.2896225759239748        4.8577036040448602     
   1.2625890446672847        4.8660170062218366     
   1.2355168509474781        4.8741807455008477     
   1.2084068519644640        4.8821946809753456     
   1.1812599049138537        4.8900586769126946     
   1.1540768669534980        4.8977726027447694     
   1.1268585951701795        4.9053363330583020     
   1.0996059465464589        4.9127497475849928     
   1.0723197779276783        4.9200127311913811     
   1.0450009459891212        4.9271251738684896     
   1.0176503072033343        4.9340869707212489     
  0.99026871780760950        4.9408980219577003     
  0.96285703377163445        4.9475582328779941     
  0.93541611076531095        4.9540675138631807     
  0.90794680412674711        4.9604257803638054     
  0.88044996883042626        4.9666329528882995     
  0.85292645945555512        4.9726889569911856     
  0.82537713015459546        4.9785937232610893     
  0.79780283462198154        4.9843471873085639     
  0.77020442606302542        4.9899492897537270     
  0.74258275716301358        4.9953999762137187     
  0.71493868005649541        5.0006991972899719     
  0.68727304629676567        5.0058469085553003     
  0.65958670682554221        5.0108430705408145     
  0.63188051194284056        5.0156876487226523     
  0.60415531127704603        5.0203806135085376     
  0.57641195375518306        5.0249219402241598     
  0.54865128757338477        5.0293116090993806     
  0.52087416016756094        5.0335496052542732     
  0.49308141818426698        5.0376359186849839     
  0.46527390745177244        5.0415705442494332     
  0.43745247295133122        5.0453534816528443     
  0.40961795878865248        5.0489847354331090     
  0.38177120816557386        5.0524643149459951     
  0.35391306335193595        5.0557922343501858     
  0.32604436565765993        5.0589685125921697     
  0.29816595540502749        5.0619931733909711     
  0.27027867190116384        5.0648662452227224     
  0.24238335341072420        5.0675877613050941     
  0.21448083712878399        5.0701577595815692     
  0.18657195915393288        5.0725762827055751     
  0.15865755446157323        5.0748433780244664     
  0.13073845687742308        5.0769590975633720     
  0.10281549905122400        5.0789234980088995     
   7.4889512430653893E-002   5.0807366406927015     
   4.6961327235445348E-002   5.0823985915749104     
   1.9031772431709372E-002   5.0839094212274381     
  -8.8983242935350149E-003   5.0852692048171475     
  -3.6828136557625284E-002   5.0864780220888983     
  -6.4756839307313740E-002   5.0875359573484618     
  -9.2683608843619661E-002   5.0884430994453203     
 -0.12060762284647498        5.0891995417553435     
 -0.14852806039916350        5.0898053821633438     
 -0.17644410201255348        5.0902607230455201     
 -0.20435492964912372        5.0905656712517882     
 -0.23225972674678272        5.0907203380880004     
 -0.26015767824248143        5.0907248392980522     
 -0.28804797059561921        5.0905792950458908     
 -0.31592979181124298        5.0902838298974125     
 -0.34380233146304007        5.0898385728022646     
 -0.37166478071612447        5.0892436570755439     
 -0.39951633234961653        5.0884992203793979     
 -0.42735618077901688        5.0876054047045365     
 -0.45518352207837381        5.0865623563516467     
 -0.48299755400224498        5.0853702259127207     
 -0.51079747600745351        5.0840291682522905     
 -0.53858248927463881        5.0825393424885839     
 -0.56635179672960168        5.0809009119745943     
 -0.59410460306444579        5.0791140442790654     
 -0.62184011475851320        5.0771789111674064     
 -0.64955754009911748        5.0750956885825191     
 -0.67725608920207148        5.0728645566255617     
 -0.70493497403201344        5.0704856995366301     
 -0.73259340842252885        5.0679593056753776     
 -0.76023060809607168        5.0652855675015607     
 -0.78784579068368243        5.0624646815555225     
 -0.81543817574450639        5.0594968484386120     
 -0.84300698478511049        5.0563822727935408     
 -0.87055144127860118        5.0531211632846826     
 -0.89807077068354246        5.0497137325783159     
 -0.92556420046267673        5.0461601973228083     
 -0.95303096010144650        5.0424607781287554     
 -0.98047028112632129        5.0386156995490632     
  -1.0078813971229277        5.0346251900589882     
  -1.0352635437539841        5.0304894820361294     
  -1.0626159587770427        5.0262088117403776     
  -1.0899378820620378        5.0217834192938273     
  -1.1172285556086408        5.0172135486606484     
  -1.1444872235634262        5.0124994476269258     
  -1.1717131322368448        5.0076413677804625     
  -1.1989055301200087        5.0026395644905612     
  -1.2260636679012862        4.9974942968877691     
  -1.2531867984827092        4.9922058278436108     
  -1.2802741769961914        4.9867744239502887     
  -1.3073250608195588        4.9812003555003752     
  -1.3343387095923926        4.9754838964664794     
  -1.3613143852316831        4.9696253244809130     
  -1.3882513519472943        4.9636249208153318     
  -1.4151488762572402        4.9574829703603767     
  -1.4420062270027687        4.9511997616053005     
  -1.4688226753632547        4.9447755866175971     
  -1.4955974948709003        4.9382107410226102     
  -1.5223299614252392        4.9315055239831462     
  -1.5490193533074477        4.9246602381790723     
  -1.5756649511944574        4.9176751897869089     
  -1.6022660381728737        4.9105506884594092     
  -1.6288218997526955        4.9032870473051231     
  -1.6553318238808410        4.8958845828679518     
  -1.6817951009544778        4.8883436151066810     
  -1.7082110238341637        4.8806644673744914     
  -1.7345788878567947        4.8728474663984578     
  -1.7608979908483713        4.8648929422590212     
  -1.7871676331365798        4.8568012283694433     
  -1.8133871175631970        4.8485726614552425     
  -1.8395557494963222        4.8402075815336119     
  -1.8656728368424373        4.8317063318928266     
  -1.8917376900583025        4.8230692590716426     
  -1.9177496221626871        4.8142967128386864     
  -1.9437079487479418        4.8053890461718511     
  -1.9696119879914107        4.7963466152376908     
  -1.9954610606666865        4.7871697793708252     
  -2.0212544901547109        4.7778589010533645     
  -2.0469916024547183        4.7684143458943415     
  -2.0726717261950234        4.7588364826091718     
  -2.0982941926436558        4.7491256829991357     
  -2.1238583357188374        4.7392823219308875     
  -2.1493634919993032        4.7293067773159949     
  -2.1748090007344696        4.7191994300905016     
  -2.2001942038544429        4.7089606641945307     
  -2.2255184459798736        4.6985908665519176     
  -2.2507810744316541        4.6880904270498718     
  -2.2759814392404611        4.6774597385186780     
  -2.3011188931561422        4.6666991967114306     
  -2.3261927916569460        4.6558092002838025     
  -2.3512024929586013        4.6447901507738436     
  -2.3761473580232391        4.6336424525818245     
  -2.4010267505681631        4.6223665129501068     
  -2.4258400370744688        4.6109627419430552     
  -2.4505865867955099        4.5994315524269807     
  -2.4752657717652164        4.5877733600501251     
  -2.4998769668062626        4.5759885832226805     
  -2.5244195495380866        4.5640776430968426     
  -2.5488929003847658        4.5520409635469088     
  -2.5732964025827427        4.5398789711494070     
  -2.5976294421884107        4.5275920951632722     
  -2.6218914080855513        4.5151807675100510     
  -2.6460816919926340        4.5026454227541599     
  -2.6701996884699724        4.4899864980831712     
  -2.6942447949267425        4.4772044332881498     
  -2.7182164116278593        4.4642996707440261     
  -2.7421139417007199        4.4512726553900128     
  -2.7659367911418062        4.4381238347100691     
  -2.7896843688231563        4.4248536587134053     
  -2.8133560864986973        4.4114625799150282     
  -2.8369513588104520        4.3979510533163424     
  -2.8604696032946078        4.3843195363857843     
  -2.8839102403874564        4.3705684890395160     
  -2.9072726934312070        4.3566983736221561     
  -2.9305563886796695        4.3427096548875639     
  -2.9537607553038092        4.3286027999796710     
  -2.9768852253971767        4.3143782784133595     
  -2.9999292339812165        4.3000365620553964     
  -3.0228922190104446        4.2855781251054115     
  -3.0457736213775108        4.2710034440769276     
  -3.0685728849181362        4.2563129977784495     
  -3.0912894564159292        4.2415072672945939     
  -3.1139227856070870        4.2265867359672811     
  -3.1364723251849740        4.2115518893769739     
  -3.1589375308045877        4.1964032153239765     
  -3.1813178610869062        4.1811412038097817     
  -3.2036127776231211        4.1657663470184749     
  -3.2258217449787607        4.1502791392981955     
  -3.2479442306976960        4.1346800771426517     
  -3.2699797053060378        4.1189696591726932     
  -3.2919276423159265        4.1031483861179394     
  -3.3137875182292089        4.0872167607984666     
  -3.3355588125410098        4.0711752881065495     
  -3.3572410077431960        4.0550244749884623     
  -3.3788335893277379        4.0387648304263424     
  -3.4003360457899627        4.0223968654201050     
  -3.4217478686317100        4.0059210929694240     
  -3.4430685523643807        3.9893380280557698     
  -3.4642975945118901        3.9726481876245043     
  -3.4854344956135184        3.9558520905670425     
  -3.5064787592266673        3.9389502577030684     
  -3.5274298919295166        3.9219432117628172     
  -3.5482874033235885        3.9048314773694170     
  -3.5690508060362172        3.8876155810212900     
  -3.5897196157229265        3.8702960510746203     
  -3.6102933510697159        3.8528734177258821     
  -3.6307715337952597        3.8353482129944303     
  -3.6511536886530163        3.8177209707051567     
  -3.6714393434332511        3.7999922264712094     
  -3.6916280289649777        3.7821625176767766     
  -3.7117192791178133        3.7642323834599347     
  -3.7317126308037536        3.7462023646955660     
  -3.7516076239788680        3.7280730039783387     
  -3.7714038016449170        3.7098448456057564     
  -3.7911007098508915        3.6915184355612771     
  -3.8106978976944803        3.6730943214974987     
  -3.8301949173234573        3.6545730527194173     
  -3.8495913239370032        3.6359551801677568     
  -3.8688866757869493        3.6172412564023677     
  -3.8880805341789544        3.5984318355857035     
  -3.9071724634736080        3.5795274734663711     
  -3.9261620310874643        3.5605287273627546     
  -3.9450488074940040        3.5414361561467174     
  -3.9638323662245267        3.5222503202273803     
  -3.9825122838689677        3.5029717815349795     
  -4.0010881400766429        3.4836011035047965     
  -4.0195595175569192        3.4641388510611710     
  -4.0379260020798062        3.4445855906015850     
  -4.0561871824764690        3.4249418899808224     
  -4.0743426506396618        3.4052083184952004     
  -4.0923920015240824        3.3853854468668736     
  -4.1103348331466432        3.3654738472281989     
  -4.1281707465866582        3.3454740931061719     
  -4.1458993459859510        3.3253867594069195     
  -4.1635202385488821        3.3052124224002535     
  -4.1810330345422990        3.2849516597042800     
  -4.1984373472954104        3.2646050502700619     
  -4.2157327931995860        3.2441731743663356     
  -4.2329189917080914        3.2236566135642803     
  -4.2499955653357571        3.2030559507223373     
  -4.2669621396585846        3.1823717699710832     
  -4.2838183433132970        3.1616046566981573     
  -4.3005638079968378        3.1407551975332435     
  -4.3171981684658158        3.1198239803331118     
  -4.3337210625359077        3.0988115941667145     
  -4.3501321310812067        3.0777186293003505     
  -4.3664310180335386        3.0565456771828874     
  -4.3826173703817251        3.0352933304310521     
  -4.3986908381708121        3.0139621828147902     
  -4.4146510745012568        2.9925528292426895     
  -4.4304977355280712        2.9710658657474776     
  -4.4462304804599277        2.9495018894715885     
  -4.4618489715582221        2.9278614986527991     
  -4.4773528741361002        2.9061452926099398     
  -4.4927418565574406        2.8843538717286745     
  -4.5080155902357992        2.8624878374473508     
  -4.5231737496333091        2.8405477922429254     
  -4.5382160122595456        2.8185343396169560     
  -4.5531420586703470        2.7964480840816646     
  -4.5679515724665949        2.7742896311460705     
  -4.5826442402929564        2.7520595873021931     
  -4.5972197518365840        2.7297585600113212     
  -4.6116777998257801        2.7073871576903503     
  -4.6260180800286150        2.6849459896981882     
  -4.6402402912515139        2.6624356663222266     
  -4.6543441353378023        2.6398567987648773     
  -4.6683293171662124        2.6172099991301754     
  -4.6821955446493524        2.5944958804104448     
  -4.6959425287321421        2.5717150564730309     
  -4.7095699833902112        2.5488681420470960     
  -4.7230776256282594        2.5259557527104759     
  -4.7364651754783855        2.5029785048766025     
  -4.7497323559983773        2.4799370157814851     
  -4.7628788932699777        2.4568319034707571     
  -4.7759045163971052        2.4336637867867816     
  -4.7888089575040507        2.4104332853558201     
  -4.8015919517336414        2.3871410195752594     
  -4.8142532372453690        2.3637876106009017     
  -4.8267925552134958        2.3403736803343116     
  -4.8392096498251220        2.3168998514102261     
  -4.8515042682782319        2.2933667471840202     
  -4.8636761607797032        2.2697749917192347     
  -4.8757250805432983        2.2461252097751592     
  -4.8876507837876195        2.2224180267944758     
  -4.8994530297340413        2.1986540688909604     
  -4.9111315806046187        2.1748339628372393     
  -4.9226862016199648        2.1509583360526059     
  -4.9341166609971108        2.1270278165908914     
  -4.9454227299473308        2.1030430331283929     
  -4.9566041826739555        2.0790046149518591     
  -4.9676607963701551        2.0549131919465289     
  -4.9785923512166992        2.0307693945842269     
  -4.9893986303796991        2.0065738539115143     
  -5.0000794200083263        1.9823272015378928     
  -5.0106345092325117        1.9580300696240633     
  -5.0210636901606200        1.9336830908702394     
  -5.0313667578771097        1.9092868985045128     
  -5.0415435104401727        1.8848421262712725     
  -5.0515937488793528        1.8603494084196768     
  -5.0615172771931514        1.8358093796921771     
  -5.0713139023466107        1.8112226753130929     
  -5.0809834342688829        1.7865899309772399     
  -5.0905256858507810        1.7619117828386079     
  -5.0999404729423192        1.7371888674990887     
  -5.1092276143502326        1.7124218219972553     
  -5.1183869318354853        1.6876112837971899     
  -5.1274182501107672        1.6627578907773624     
  -5.1363213968379720        1.6378622812195549     
  -5.1450962026256697        1.6129250937978379     
  -5.1537425010265636        1.5879469675675919     
  -5.1622601285349354        1.5629285419545769     
  -5.1706489245840865        1.5378704567440495     
  -5.1789087315437641        1.5127733520699254     
  -5.1870393947175808        1.4876378684039882     
  -5.1950407623404304        1.4624646465451443     
  -5.2029126855758925        1.4372543276087217     
  -5.2106550185136333        1.4120075530158149     
  -5.2182676181668031        1.3867249644826722     
  -5.2257503444694313        1.3614072040101293     
  -5.2331030602738169        1.3360549138730844     
  -5.2403256313479192        1.3106687366100180     
  -5.2474179263727487        1.2852493150125568     
  -5.2543798169397595        1.2597972921150791     
  -5.2612111775482413        1.2343133111843652     
  -5.2679118856027189        1.2087980157092904     
  -5.2744818214103510        1.1832520493905641     
  -5.2809208681783373        1.1576760561305102     
  -5.2872289120113294        1.1320706800228957     
  -5.2934058419088457        1.1064365653428025     
  -5.2994515497626908        1.0807743565365477     
  -5.3053659303543848        1.0550846982116486     
  -5.3111488813525867        1.0293682351268370     
  -5.3168003033105302        1.0036256121821214     
  -5.3223200996634521       0.97785747440889792     
  -5.3277081767260244       0.95206446696010893     
  -5.3329644436897787       0.92624723510045093     
  -5.3380888126205290       0.90040642419662920     
  -5.3430811984557796       0.87454267970765975     
  -5.3479415190021307       0.84865664717521583     
  -5.3526696949326613       0.82274897221401722     
  -5.3572656497843072       0.79682030050226049     
  -5.3617293099552139       0.77087127777208686     
  -5.3660606047020813       0.74490254980008541     
  -5.3702594661374903       0.71891476239782881     
  -5.3743258292272120       0.69290856140243884     
  -5.3782596317875102       0.66688459266717925     
  -5.3820608144824265       0.64084350205207363     
  -5.3857293208210608       0.61478593541454785     
  -5.3892650971548486       0.58871253860009376     
  -5.3926680926748327       0.56262395743295657     
  -5.3959382594089389       0.53652083770684200     
  -5.3990755522192524       0.51040382517564664     
  -5.4020799287993047       0.48427356554421042     
  -5.4049513496713635       0.45813070445909154     
  -5.4076897781837419       0.43197588749936605     
  -5.4102951805081068       0.40580976016745157     
  -5.4127675256368137       0.37963296787995698     
  -5.4151067853802441       0.35344615595855861     
  -5.4173129343641628       0.32724996962090336     
  -5.4193859500270856       0.30104505397153963     
  -5.4213258126176642       0.27483205399287641     
  -5.4231325051920818       0.24861161453617048     
  -5.4248060136114624       0.22238438031254218     
  -5.4263463265392931       0.19615099588401963     
  -5.4277534354388566       0.16991210565461087     
  -5.4290273345706792       0.14366835386140414     
  -5.4301680209899841       0.11742038456569545     
  -5.4311754945441599        9.1168841644143461E-002
  -5.4320497578702378        6.4914368779950701E-002
  -5.4327908163923766        3.8657609454070929E-002
  -5.4333986783193575        1.2399206936441870E-002
  -5.4338733546420901       -1.3860195722757228E-002
  -5.4342148591311252       -4.0119955701823799E-002
  -5.4344232083341737       -6.6379430416226598E-002
  -5.4344984215736396       -9.2637977527277315E-002
  -5.4344405209441522      -0.11889495495077987     
  -5.4342495313101162      -0.14514972086565797     
  -5.4339254803032615      -0.17140163372256137     
  -5.4334683983202021      -0.19765005225245175     
  -5.4328783185200091      -0.22389433547516849     
  -5.4321552768217787      -0.25013384270797490     
  -5.4312993119022206      -0.27636793357408596     
  -5.4303104651932470      -0.30259596801117716     
  -5.4291887808795662      -0.32881730627987604     
  -5.4279343058962928      -0.35503130897223623     
  -5.4265470899265553      -0.38123733702019469     
  -5.4250271853991192      -0.40743475170401305     
  -5.4233746474860096      -0.43362291466070257     
  -5.4215895341001499      -0.45980118789243457     
  -5.4196719058929981      -0.48596893377493555     
  -5.4176218262521987      -0.51212551506586868     
  -5.4154393612992395      -0.53827029491320044     
  -5.4131245798871106      -0.56440263686355541     
  -5.4106775535979805      -0.59052190487055722     
  -5.4080983567408687      -0.61662746330315721     
  -5.4053870663493351      -0.64271867695395168     
  -5.4025437621791692      -0.66879491104748778     
  -5.3995685267060916      -0.69485553124855781     
  -5.3964614451234603      -0.72089990367048395     
  -5.3932226053399850      -0.74692739488339255     
  -5.3898520979774496      -0.77293737192247913     
  -5.3863500163684401      -0.79892920229626441     
  -5.3827164565540793      -0.82490225399484141     
  -5.3789515172817710      -0.85085589549811569     
  -5.3750553000029528      -0.87678949578403675     
  -5.3710279088708486      -0.90270242433682357     
  -5.3668694507382391      -0.92859405115518279     
  -5.3625800351552311      -0.95446374676052148     
  -5.3581597743670359      -0.98031088220515405     
  -5.3536087833117580       -1.0061348290805050     
  -5.3489271796181903       -1.0319349595253067     
  -5.3441150836036124       -1.0577106462337933     
  -5.3391726182716015       -1.0834612624638915     
  -5.3340999093098480       -1.1091861820454094     
  -5.3288970850879798       -1.1348847793882217     
  -5.3235642766553948       -1.1605564294904556     
  -5.3181016177390985       -1.1862005079466733     
  -5.3125092447415518       -1.2118163909560575     
  -5.3067872967385288       -1.2374034553305939     
  -5.3009359154769768       -1.2629610785032572     
  -5.2949552453728908       -1.2884886385361984     
  -5.2888454335091950       -1.3139855141289345     
  -5.2826066296336300       -1.3394510846265406     
  -5.2762389861566570       -1.3648847300278477     
  -5.2697426581493634       -1.3902858309936428     
  -5.2631178033413857       -1.4156537688548760     
  -5.2563645821188381       -1.4409879256208731     
  -5.2494831575222545       -1.4662876839875540     
  -5.2424736952445450       -1.4915524273456582     
  -5.2353363636289618       -1.5167815397889788     
  -5.2280713336670788       -1.5419744061226026     
  -5.2206787789967866       -1.5671304118711591     
  -5.2131588759002980       -1.5922489432870777     
  -5.2055118033021772       -1.6173293873588515     
  -5.1977377427673748       -1.6423711318193106     
  -5.1898368784992828       -1.6673735651539008     
  -5.1818093973378057       -1.6923360766089697     
  -5.1736554887574462       -1.7172580562000586     
  -5.1653753448654074       -1.7421388947201968     
  -5.1569691603997052       -1.7669779837482029     
  -5.1484371327272971       -1.7917747156569854     
  -5.1397794618422203       -1.8165284836218458     
  -5.1309963503637386       -1.8412386816287811     
  -5.1220880035344969       -1.8659047044827866     
  -5.1130546292186771       -1.8905259478161569     
  -5.1038964379001595       -1.9151018080967857     
  -5.0946136426806756       -1.9396316826364641     
  -5.0852064592779627       -1.9641149695991802     
  -5.0756751060239083       -1.9885510680094189     
  -5.0660198038626838       -2.0129393777604645     
