   2.2050000000000001           100000  -1.5425139610328187        1.3202977365199300      -0.35413124105389215        2.8209016138685152       0.78711383011583158     
   2.2100000000000000           100000  -1.5322472612921776        1.4452858464698330      -0.17937779546853563        3.7147640069014662       0.77461268043163733     
   2.2149999999999999           100000  -1.5228580615293685        1.4284201321464693       0.32101694189042973        3.6856503916929166       0.76692963062572750     
   2.2199999999999998           100000  -1.5252870614680067        1.4138918842514037      -0.46429953827080678        3.7635840560185341       0.77126063051631721     
   2.2249999999999996           100000  -1.5125657617893740        1.4929062895837608      -0.25150994364632429        4.7911962049349581       0.75411423094947172     
   2.2299999999999995           100000  -1.5059405619567405        1.4667932274415767        5.0993998711783206E-003   4.1468538599423521       0.75388038095537924     
   2.2349999999999994           100000  -1.4932571622771502        1.5538197769178275       -1.6756199576702786E-002   5.0307122634400239       0.73666888139017828     
   2.2399999999999993           100000  -1.4877937624151674        1.5058118720397886       0.16305559588086910        4.5982268699402784       0.73542898142150082     
   2.2449999999999992           100000  -1.4867026624427306        1.4777136366459165       -5.7153248556187461E-002   4.4832185655738641       0.73785483136021868     
   2.2499999999999991           100000  -1.4735548627748722        1.5925233801554062        5.8406698524522647E-002   5.5694507457852911       0.71922388183087604     
   2.2549999999999990           100000  -1.4687968628950694        1.5832555821487899       0.17228544564770346        5.6982836992293198       0.71544553192632521     
   2.2599999999999989           100000  -1.4593007631349610        1.5722584704655100      -0.13530774658183872        5.7088844681382644       0.70724883213339118     
   2.2649999999999988           100000  -1.4549613632445835        1.5546639364971151      -0.18225304539590070        5.2667893983136906       0.70727213213280271     
   2.2699999999999987           100000  -1.4421015635694494        1.6038250532366343        2.1244699463313737E-002   6.0751369193065790       0.69036488255991579     
   2.2749999999999986           100000  -1.4341969637691363        1.6581034840209412       -4.6944798814074602E-002   6.6319610097689772       0.68103898279550779     
   2.2799999999999985           100000  -1.4261628639720949        1.6565780625874325        1.1196299717157672E-002   6.7520266373213822       0.67370088298088382     
   2.2849999999999984           100000  -1.4161139642259513        1.6168249505421664       -1.5006749620897607E-002   6.9964576068726823       0.66069113330953777     
   2.2899999999999983           100000  -1.4136770642875125        1.6540309966409810       0.10440039736262405        6.8315004226403291       0.66192408327839070     
   2.2949999999999982           100000  -1.4047660645126234        1.6350927970423883       -3.8521699026860007E-002   7.0686553396146383       0.65154568354057119     
   2.2999999999999980           100000  -1.3914419648492184        1.6664322865431238        7.8992148004490448E-002   7.6726035821310008       0.63393923398534757     
   2.3049999999999979           100000  -1.3834144650520102        1.7085728724409535       -3.6042399089492395E-002   8.3326196819339504       0.62133288430381073     
   2.3099999999999978           100000  -1.3784891651764337        1.7116390555231418      -0.14244469640154420        7.9568656257717461       0.62038608432772890     
   2.3149999999999977           100000  -1.3759472652406477        1.6132784799079292       -9.5300847592498031E-002   7.6000408580195264       0.62222393428130096     
   2.3199999999999976           100000  -1.3542250657893964        1.6446921298879600       0.15174424616661780        8.4546785030926905       0.58843923513477425     
   2.3249999999999975           100000  -1.3475638659576725        1.6885219906708615       0.14141504642755537        8.9315962779429103       0.58000843534775415     
   2.3299999999999974           100000  -1.3437183660548180        1.6342051283977050        5.3404298650893911E-002   8.5341784576484319       0.57931208536534540     
   2.3349999999999973           100000  -1.3423247660900235        1.6311492839343649       -6.8214548276755521E-002   8.2817235464905270       0.58402533524627864     
   2.3399999999999972           100000  -1.3320520663495334        1.5983491969489616       -5.1919648688399322E-002   8.4637719209798146       0.57024283559445388     
   2.3449999999999971           100000  -1.3293991664165514        1.6323698923543473        3.0898149219447078E-002   8.3384176859192216       0.57189803555264007     
   2.3499999999999970           100000  -1.3112797668742862        1.6005228784657031       -4.2454198927516701E-002   9.0633361639655945       0.54133568632470996     
   2.3549999999999969           100000  -1.3015006671213267        1.5555329192554128       -3.9118199011791151E-002   8.7336205350849543       0.53061878659544159     
   2.3599999999999968           100000  -1.2928552673397280        1.5978790523457478       -3.5069549114068649E-002   9.1344420374046056       0.51849693690166532     
   2.3649999999999967           100000  -1.2936989673184143        1.6000804626253553       -3.3469249154495631E-002   9.0691731630457344       0.52500563673724177     
   2.3699999999999966           100000  -1.2775869677254377        1.5179150154783290        5.9428998498697184E-002   9.1629640733857745       0.49789018742223562     
   2.3749999999999964           100000  -1.2676276679770306        1.4989572433502409       -7.3374498146404222E-003   9.2206174677112021       0.48409523777072538     
   2.3799999999999963           100000  -1.2660098680178999        1.5144114151461441        1.4668899629432417E-002   9.0798023618690404       0.48853178765864869     
   2.3849999999999962           100000  -1.2559458682721378        1.4768572333984569       -4.3630798897793283E-002   8.9728909045015257       0.47497118800121829     
   2.3899999999999961           100000  -1.2484691684610152        1.4562458991594203       -4.4325848880234844E-002   9.0828453657116714       0.46470203826063877     
   2.3949999999999960           100000  -1.2466508685069493        1.4598725257421887       -1.4512449633384678E-002   8.9089929568468715       0.46733463819413379     
   2.3999999999999959           100000  -1.2352599687947077        1.4111512800908661       -5.3416298650590763E-002   8.9759688771412396       0.44784268868654181     
