   2.2050000000000001   1.3202977365199300        
   2.2100000000000000   1.4452858464698330        
   2.2149999999999999   1.4284201321464693        
   2.2199999999999998   1.4138918842514037        
   2.2249999999999996   1.4929062895837608        
   2.2299999999999995   1.4667932274415767        
   2.2349999999999994   1.5538197769178275        
   2.2399999999999993   1.5058118720397886        
   2.2449999999999992   1.4777136366459165        
   2.2499999999999991   1.5925233801554062        
   2.2549999999999990   1.5832555821487899        
   2.2599999999999989   1.5722584704655100        
   2.2649999999999988   1.5546639364971151        
   2.2699999999999987   1.6038250532366343        
   2.2749999999999986   1.6581034840209412        
   2.2799999999999985   1.6565780625874325        
   2.2849999999999984   1.6168249505421664        
   2.2899999999999983   1.6540309966409810        
   2.2949999999999982   1.6350927970423883        
   2.2999999999999980   1.6664322865431238        
   2.3049999999999979   1.7085728724409535        
   2.3099999999999978   1.7116390555231418        
   2.3149999999999977   1.6132784799079292        
   2.3199999999999976   1.6446921298879600        
   2.3249999999999975   1.6885219906708615        
   2.3299999999999974   1.6342051283977050        
   2.3349999999999973   1.6311492839343649        
   2.3399999999999972   1.5983491969489616        
   2.3449999999999971   1.6323698923543473        
   2.3499999999999970   1.6005228784657031        
   2.3549999999999969   1.5555329192554128        
   2.3599999999999968   1.5978790523457478        
   2.3649999999999967   1.6000804626253553        
   2.3699999999999966   1.5179150154783290        
   2.3749999999999964   1.4989572433502409        
   2.3799999999999963   1.5144114151461441        
   2.3849999999999962   1.4768572333984569        
   2.3899999999999961   1.4562458991594203        
   2.3949999999999960   1.4598725257421887        
   2.3999999999999959   1.4111512800908661        
