   2.2050000000000001    2.8209016138685152 
   2.2100000000000000    3.7147640069014662 
   2.2149999999999999    3.6856503916929166 
   2.2199999999999998    3.7635840560185341 
   2.2249999999999996    4.7911962049349581 
   2.2299999999999995    4.1468538599423521 
   2.2349999999999994    5.0307122634400239 
   2.2399999999999993    4.5982268699402784 
   2.2449999999999992    4.4832185655738641 
   2.2499999999999991    5.5694507457852911 
   2.2549999999999990    5.6982836992293198 
   2.2599999999999989    5.7088844681382644 
   2.2649999999999988    5.2667893983136906 
   2.2699999999999987    6.0751369193065790 
   2.2749999999999986    6.6319610097689772 
   2.2799999999999985    6.7520266373213822 
   2.2849999999999984    6.9964576068726823 
   2.2899999999999983    6.8315004226403291 
   2.2949999999999982    7.0686553396146383 
   2.2999999999999980    7.6726035821310008 
   2.3049999999999979    8.3326196819339504 
   2.3099999999999978    7.9568656257717461 
   2.3149999999999977    7.6000408580195264 
   2.3199999999999976    8.4546785030926905 
   2.3249999999999975    8.9315962779429103 
   2.3299999999999974    8.5341784576484319 
   2.3349999999999973    8.2817235464905270 
   2.3399999999999972    8.4637719209798146 
   2.3449999999999971    8.3384176859192216 
   2.3499999999999970    9.0633361639655945 
   2.3549999999999969    8.7336205350849543 
   2.3599999999999968    9.1344420374046056 
   2.3649999999999967    9.0691731630457344 
   2.3699999999999966    9.1629640733857745 
   2.3749999999999964    9.2206174677112021 
   2.3799999999999963    9.0798023618690404 
   2.3849999999999962    8.9728909045015257 
   2.3899999999999961    9.0828453657116714 
   2.3949999999999960    8.9089929568468715 
   2.3999999999999959    8.9759688771412396 
