   2.2050000000000001      1.4082352858100859       
   2.2100000000000000      1.5131326305077424       
   2.2149999999999999      1.5113421257006361       
   2.2199999999999998      1.5381148393409920       
   2.2249999999999996      1.7130106769802225       
   2.2299999999999995      1.5315398525326716       
   2.2349999999999994      1.8673408214174783       
   2.2399999999999993      1.6816971694936464       
   2.2449999999999992      1.8362309714570113       
   2.2499999999999991      1.8395341332139530       
   2.2549999999999990      1.9895988911592819       
   2.2599999999999989      1.9010615910911670       
   2.2649999999999988      1.9355954451299771       
   2.2699999999999987      1.9892445404641752       
   2.2749999999999986      1.9677846642995434       
   2.2799999999999985      1.9582541146883297       
   2.2849999999999984      2.0261221664503584       
   2.2899999999999983      2.0771317650884766       
   2.2949999999999982      2.0491795658847844       
   2.2999999999999980      2.0160862881098756       
   2.3049999999999979      1.9268157927648999       
   2.3099999999999978      1.9343848327133222       
   2.3149999999999977      1.9463224796917042       
   2.3199999999999976      1.8270829183176769       
   2.3249999999999975      1.7645350806756466       
   2.3299999999999974      1.8308514248750238       
   2.3349999999999973      1.8008524173075939       
   2.3399999999999972      1.6015791615831660       
   2.3449999999999971      1.6799379898162190       
   2.3499999999999970      1.5833773275727936       
   2.3549999999999969      1.5527631889915059       
   2.3599999999999968      1.4930679876152120       
   2.3649999999999967      1.4420693040088575       
   2.3699999999999966      1.4522622914189953       
   2.3749999999999964      1.3724184133328146       
   2.3799999999999963      1.3211754054174480       
   2.3849999999999962      1.3023900665197750       
   2.3899999999999961      1.3148129359806977       
   2.3949999999999960      1.2303939825831061       
   2.3999999999999959      1.2244125015126419       
