   2.2050000000000001       4.3076379428721401  
   2.2100000000000000       7.0861764711911110  
   2.2149999999999999       6.6588630932862829  
   2.2199999999999998       6.2571394889592415  
   2.2249999999999996       11.721929469937788  
   2.2299999999999995       6.4508940411683069  
   2.2349999999999994       15.148898016072495  
   2.2399999999999993       9.6350198089503500  
   2.2449999999999992       13.853375596168663  
   2.2499999999999991       15.570130245213972  
   2.2549999999999990       23.062191811284595  
   2.2599999999999989       17.141194985776014  
   2.2649999999999988       18.211018497602900  
   2.2699999999999987       20.563945329915963  
   2.2749999999999986       22.515265396706695  
   2.2799999999999985       22.858276151780906  
   2.2849999999999984       27.552478649281724  
   2.2899999999999983       27.692091202179903  
   2.2949999999999982       25.939212465486275  
   2.2999999999999980       28.574012408439383  
   2.3049999999999979       28.134723086675205  
   2.3099999999999978       28.703631423856194  
   2.3149999999999977       30.714890938010608  
   2.3199999999999976       30.443349850547545  
   2.3249999999999975       29.010258312850702  
   2.3299999999999974       30.197689602983722  
   2.3349999999999973       28.836954333470644  
   2.3399999999999972       29.427653220677133  
   2.3449999999999971       28.434069097257197  
   2.3499999999999970       27.157075416549525  
   2.3549999999999969       27.204180662756539  
   2.3599999999999968       26.140466892891343  
   2.3649999999999967       24.895746173897201  
   2.3699999999999966       24.330887945125802  
   2.3749999999999964       23.582668715770794  
   2.3799999999999963       22.268610492872391  
   2.3849999999999962       20.997844105246440  
   2.3899999999999961       21.533278522595825  
   2.3949999999999960       19.149355093641685  
   2.3999999999999959       19.150170808676236  
