   2.2050000000000001          1.5332160359947640         
   2.2100000000000000          1.5086271857164228         
   2.2149999999999999          1.4792247914956487         
   2.2199999999999998          1.5439367613595369         
   2.2249999999999996          1.6000845489614883         
   2.2299999999999995          1.6468380448248159         
   2.2349999999999994          1.9940944461149939         
   2.2399999999999993          1.7317429100225457         
   2.2449999999999992          1.8646872145404985         
   2.2499999999999991          2.2028777244204703         
   2.2549999999999990          2.0086598638997892         
   2.2599999999999989          1.9060541489787326         
   2.2649999999999988          1.9689781208202977         
   2.2699999999999987          2.2195576219914508         
   2.2749999999999986          2.2472366706818674         
   2.2799999999999985          2.2017242681522755         
   2.2849999999999984          2.1408742119567541         
   2.2899999999999983          2.2338833716932629         
   2.2949999999999982          2.2334884562262518         
   2.2999999999999980          1.9772018274915220         
   2.3049999999999979          1.9997310288622425         
   2.3099999999999978          2.0913245573698953         
   2.3149999999999977          1.9804593721469348         
   2.3199999999999976          1.8669045908305675         
   2.3249999999999975          1.7748817220837374         
   2.3299999999999974          1.6154792919565519         
   2.3349999999999973          1.5144330969036730         
   2.3399999999999972          1.5798703088901596         
   2.3449999999999971          1.5873463178630500         
   2.3499999999999970          1.4808053598223905         
   2.3549999999999969          1.3791448695866360         
   2.3599999999999968          1.3215386707971180         
   2.3649999999999967          1.3822435943387870         
   2.3699999999999966          1.2604337359825735         
   2.3749999999999964          1.2797386065454808         
   2.3799999999999963          1.2935659519650673         
   2.3849999999999962          1.1994904731710301         
   2.3899999999999961          1.2056429663672645         
   2.3949999999999960          1.1700001088334935         
   2.3999999999999959          1.1657610941810550         
