   2.2050000000000001      8.8208500900731455       
   2.2100000000000000      6.1792038453809814       
   2.2149999999999999      5.5907932227318131       
   2.2199999999999998      6.5045735816085797       
   2.2249999999999996      10.731651218639533       
   2.2299999999999995      11.774907869005981       
   2.2349999999999994      32.923612497934577       
   2.2399999999999993      16.218844023872137       
   2.2449999999999992      21.439090620696508       
   2.2499999999999991      53.847072213263054       
   2.2549999999999990      30.195460919326017       
   2.2599999999999989      26.510466093504370       
   2.2649999999999988      25.767542263807623       
   2.2699999999999987      48.923924145618500       
   2.2749999999999986      51.585495368529472       
   2.2799999999999985      47.594600972609577       
   2.2849999999999984      56.573151813277960       
   2.2899999999999983      53.463517670243760       
   2.2949999999999982      65.097911999246719       
   2.2999999999999980      57.986894129338026       
   2.3049999999999979      61.308584829869375       
   2.3099999999999978      66.470584792640935       
   2.3149999999999977      64.145370857974100       
   2.3199999999999976      59.577303727362704       
   2.3249999999999975      56.788684626889648       
   2.3299999999999974      50.641947133762109       
   2.3349999999999973      46.540394938165690       
   2.3399999999999972      45.661325514697999       
   2.3449999999999971      47.906316898647539       
   2.3499999999999970      41.190918256602536       
   2.3549999999999969      37.116714931818734       
   2.3599999999999968      33.467391280984053       
   2.3649999999999967      37.146255988570715       
   2.3699999999999966      28.684950988396182       
   2.3749999999999964      29.938101923488045       
   2.3799999999999963      28.823370544563232       
   2.3849999999999962      24.806420319838946       
   2.3899999999999961      23.943113442095150       
   2.3949999999999960      23.834592124979309       
   2.3999999999999959      22.705507770360303       
