   2.2050000000000001    1.6888188956350711       
   2.2100000000000000    1.4423649723267202       
   2.2149999999999999    1.5069399590133497       
   2.2199999999999998    1.6930777528212122       
   2.2249999999999996    1.6176193527502973       
   2.2299999999999995    1.7205824563681469       
   2.2349999999999994    1.6913082278332050       
   2.2399999999999993    1.7363652445389886       
   2.2449999999999992    1.8453706049194998       
   2.2499999999999991    2.0346156018038792       
   2.2549999999999990    2.0866126607538313       
   2.2599999999999989    2.0871177520908928       
   2.2649999999999988    2.0043191378051972       
   2.2699999999999987    2.4761143860779211       
   2.2749999999999986    2.2423034186503461       
   2.2799999999999985    2.3516252860948099       
   2.2849999999999984    2.1877338669104898       
   2.2899999999999983    2.2363784908729811       
   2.2949999999999982    2.0236827950683147       
   2.2999999999999980    1.9847893594008936       
   2.3049999999999979    2.1278890578823799       
   2.3099999999999978    1.7979290499619425       
   2.3149999999999977    1.9409030047137075       
   2.3199999999999976    1.6804774480780666       
   2.3249999999999975    1.6814606207718958       
   2.3299999999999974    1.5645812853164733       
   2.3349999999999973    1.4537833922521926       
   2.3399999999999972    1.4198496974694470       
   2.3449999999999971    1.4236392610969317       
   2.3499999999999970    1.3847217451534011       
   2.3549999999999969    1.3696698723127643       
   2.3599999999999968    1.3690359729196440       
   2.3649999999999967    1.2505750764957946       
   2.3699999999999966    1.2684585688977208       
   2.3749999999999964    1.1917390932702079       
   2.3799999999999963    1.1882003028655237       
   2.3849999999999962    1.1938540721337949       
   2.3899999999999961    1.1388698970354847       
   2.3949999999999960    1.1583691632065605       
   2.3999999999999959    1.1360208856872851       
