   2.2050000000000001        16.045450894138302        
   2.2100000000000000        5.1232759250674027        
   2.2149999999999999        5.9312294602037241        
   2.2199999999999998        11.833202393157336        
   2.2249999999999996        8.8799739680051530        
   2.2299999999999995        17.058515602653337        
   2.2349999999999994        11.137943402807267        
   2.2399999999999993        10.991176494634475        
   2.2449999999999992        19.124900881467575        
   2.2499999999999991        26.568846100110882        
   2.2549999999999990        38.409511591560019        
   2.2599999999999989        43.531908636083521        
   2.2649999999999988        27.405678924797737        
   2.2699999999999987        102.35357895263220        
   2.2749999999999986        67.150246079508037        
   2.2799999999999985        112.80074939593742        
   2.2849999999999984        95.084577856660218        
   2.2899999999999983        80.761351111507224        
   2.2949999999999982        89.557100689780498        
   2.2999999999999980        94.371097331822483        
   2.3049999999999979        102.20281348127163        
   2.3099999999999978        84.970766588805787        
   2.3149999999999977        91.446346603149550        
   2.3199999999999976        72.878299181848377        
   2.3249999999999975        77.521047591348506        
   2.3299999999999974        68.278057493580548        
   2.3349999999999973        56.746681627559354        
   2.3399999999999972        54.518732487931835        
   2.3449999999999971        50.437510717112026        
   2.3499999999999970        48.526631262060846        
   2.3549999999999969        43.186913073628112        
   2.3599999999999968        41.350182796587490        
   2.3649999999999967        36.119785732842949        
   2.3699999999999966        33.278712786330210        
   2.3749999999999964        29.849323191367844        
   2.3799999999999963        24.358187281500921        
   2.3849999999999962        26.147025698984677        
   2.3899999999999961        22.290390166356854        
   2.3949999999999960        27.555119202350415        
   2.3999999999999959        23.185100489881940        
