   2.1050000000000000           100000  -1.6573732581312288       0.96575149713980823      -0.75771788085843583       0.99866544702366489       0.86583207812724139     
   2.1099999999999999           100000  -1.6516452582759302       0.98134872310541987      -0.86301892819830750       0.94956301035727031       0.86301892819830750     
   2.1149999999999998           100000  -1.6477946583732046       0.99823370944355272      -0.25927224345023203        1.0418167010728163       0.86126292824266781     
   2.1199999999999997           100000  -1.6424373585085412        1.0032126151305136       0.85750152833768889        1.0723884772606775       0.85750152833768889     
   2.1249999999999996           100000  -1.6359155586732961        1.0761206235456573       0.31157479212895850        1.3421568072135974       0.85234787846788096     
   2.1299999999999994           100000  -1.6341040587190583       0.99324177618666776      -0.85433412841770406       0.95942003816112953       0.85433412841770406     
   2.1349999999999993           100000  -1.6272713588916665        1.0518871125178564      -0.84836167856858080        1.2564159836906195       0.84836177856857842     
   2.1399999999999992           100000  -1.6223582590157821        1.0651474892241688        7.4698498112957170E-003   1.3446278088139543       0.84576832863409435     
   2.1449999999999991           100000  -1.6120565592760250        1.1183792933804941       0.11753879703072016        1.6827175763025330       0.83665147886440538     
   2.1499999999999990           100000  -1.6110693593009635        1.1014835808372068       0.83841707881980254        1.4899536960458439       0.83841727881979755     
   2.1549999999999989           100000  -1.6043645594703413        1.1373562336644869       0.33158399162348362        1.7905984589873403       0.83173837898852077     
   2.1599999999999988           100000  -1.5986879596137442        1.1621032989197650       0.75115938102411750        1.8564955808852179       0.82823817907694308     
   2.1649999999999987           100000  -1.5904431598220252        1.1827589351415964      -0.36445099079319332        2.1224200670211610       0.82139537924980688     
   2.1699999999999986           100000  -1.5906721598162403        1.1641442986805590      -0.62065123432103064        1.6850226485816688       0.82605182913217501     
   2.1749999999999985           100000  -1.5772383601556066        1.2771580945839773        7.2106648178432806E-002   2.7141617979963084       0.80959112954800738     
   2.1799999999999984           100000  -1.5741660602332195        1.2613265576747965      -0.58888268512357178        2.6784095707975930       0.80928337955578178     
   2.1849999999999983           100000  -1.5702173603329721        1.2455086760724237      -0.70847048210252983        2.2979196971458373       0.80964727954658888     
   2.1899999999999982           100000  -1.5625626605263458        1.2963668694231480      -0.30726734223777386        2.6173874272762720       0.80202592973912024     
   2.1949999999999981           100000  -1.5520244607925633        1.3626470461254045       -5.2346648677612392E-002   3.4718461288475044       0.78903103006739905     
   2.1999999999999980           100000  -1.5428114610253032        1.3728021635316903      -0.40576168974959731        3.4436751604898448       0.78223428023909947     
   2.2049999999999979           100000  -1.5403006610887313        1.3418823722644035        9.3549697636735790E-002   3.0803589449930557       0.78418578018980045     
   2.2099999999999977           100000  -1.5332732612662585        1.4142861497737926       0.27913889294835825        3.7638039540591706       0.77445018043574243     
   2.2149999999999976           100000  -1.5210499615750450        1.4862034648448685      -0.11750309703162203        4.3128381868980989       0.76210298074765892     
   2.2199999999999975           100000  -1.5159295617043971        1.4782710362112630       -2.3053299417624656E-002   4.2536071213149631       0.75896488082693403     
   2.2249999999999974           100000  -1.5195153616138124        1.3966678594774471       0.20513704481780221        3.6955357197926424       0.76731313061603945     
   2.2299999999999973           100000  -1.5049561619816085        1.5001431620528412      -0.10916354724229678        4.6429210784328454       0.74971313106065285     
   2.2349999999999972           100000  -1.4934699622717744        1.5107777503003654      -0.16936049572159390        4.4442052716997864       0.74058288129130234     
   2.2399999999999971           100000  -1.4885174623968851        1.5544777323062093       0.22295899436758190        4.8151686710598103       0.73633188139869166     
   2.2449999999999970           100000  -1.4866813624432689        1.4806836281665632       -3.0120249239098486E-002   4.5921451644176043       0.73700923138158037     
   2.2499999999999969           100000  -1.4778263626669650        1.5528443368536142       -9.7075997547653975E-002   5.3900242580162576       0.72486938168825876     
   2.2549999999999968           100000  -1.4687782628955393        1.5507388419386665      -0.16428954584969688        5.1251136454505968       0.71990813181359048     
   2.2599999999999967           100000  -1.4641176630132757        1.5809567851558388      -0.10402799737203168        5.5822717687027748       0.71402808196213297     
   2.2649999999999966           100000  -1.4506191633542767        1.5908708280752795        9.3542997636905059E-002   5.8021632004409671       0.69960958232637493     
   2.2699999999999965           100000  -1.4411410635937136        1.6381597022472316        5.8444698523562690E-002   6.6164665392555131       0.68566128267873860     
   2.2749999999999964           100000  -1.4382914636657005        1.5909461575778394        2.1117599466524552E-002   5.7214966575959973       0.69117748253938771     
   2.2799999999999963           100000  -1.4301332638717941        1.6473989195451311      -0.12948539672892365        6.7395811614716283       0.67659418290779283     
   2.2849999999999961           100000  -1.4221727640728932        1.6431890594927860       -6.1079298457007103E-002   6.5407847061545157       0.67304758299738743     
   2.2899999999999960           100000  -1.4073372644476696        1.6868769477431336       -3.9964998990399177E-003   7.2954939874478129       0.65219648352413062     
   2.2949999999999959           100000  -1.4038212645364911        1.6254684881915140      -0.17190244565737883        6.7664884595573662       0.65256883351472417     
   2.2999999999999958           100000  -1.3957420647405887        1.6825403356152828        1.0250849741041748E-002   7.6837580079566923       0.63944643384622402     
   2.3049999999999957           100000  -1.3836955650449090        1.6412009623254311       -4.5039998862193896E-004   7.7313022439253407       0.62543308420023092     
   2.3099999999999956           100000  -1.3778718651920281        1.6330075973829417       -3.6443799079352177E-002   7.9117915976330613       0.61940118435260960     
   2.3149999999999955           100000  -1.3693608654070339        1.7177547380487193        7.2420498170504295E-003   8.5949908133932116       0.60670833467325791     
   2.3199999999999954           100000  -1.3591887656640029        1.6657462884535084      -0.17693344553028509        8.4088819747249737       0.59686373492195344     
   2.3249999999999953           100000  -1.3429948660730953        1.6670510861207839       -4.5742148844456099E-002   8.8272544127417873       0.57382823550387907     
   2.3299999999999952           100000  -1.3421968660932544        1.6504275690505950        4.9473148750203109E-002   8.4995795339808193       0.57789923540103705     
   2.3349999999999951           100000  -1.3384713661873684        1.6645307239610116       -3.2969799167112797E-002   8.5521338905247752       0.57672438543071625     
   2.3399999999999950           100000  -1.3298480664052112        1.6155985129418189        2.5329849360114166E-002   8.6348596774589392       0.56685793567996368     
   2.3449999999999949           100000  -1.3176787667126337        1.6323876560445472        1.1503199709404725E-002   9.2011270960530389       0.54701718618118322     
   2.3499999999999948           100000  -1.3148382667843908        1.5598746207130669        9.3520997637460829E-003   8.6007195979740949       0.55012738610261303     
   2.3549999999999947           100000  -1.3038878670610212        1.5955383990134451        2.7345849309185721E-002   8.7817261812261407       0.53554843647090822     
   2.3599999999999945           100000  -1.2934032673258844        1.5834149851302080       -5.3130048657822046E-002   9.1050522863109755       0.51938053687934371     
   2.3649999999999944           100000  -1.2836752675716343        1.5189727043583889        5.5257498604078137E-002   8.9988101404608276       0.50816798716259659     
   2.3699999999999943           100000  -1.2810301676384550        1.5601650441081765        2.6712699325180438E-002   9.1520958772116305       0.50418268726327375     
   2.3749999999999942           100000  -1.2717677678724431        1.5099516244426214       -1.7456499559011719E-002   9.0369125933257539       0.49405988751899715     
   2.3799999999999941           100000  -1.2606119681542622        1.4582766103693059       -4.9304998754450935E-002   8.8692096113568937       0.48022538786848601     
   2.3849999999999940           100000  -1.2571725682411488        1.4692023053095813        1.2182799692236585E-002   9.0412047253196999       0.47703018794920354     
   2.3899999999999939           100000  -1.2461649685192242        1.4634996920421159        2.8935149269036630E-002   9.1238584470857909       0.45904553840353401     
   2.3949999999999938           100000  -1.2455326685351973        1.4383317297326872        2.2012699443912424E-002   8.8222501963259337       0.46560338823786884     
   2.3999999999999937           100000  -1.2378059687303904        1.4315440658993972        7.1045548205238451E-002   9.0355892147843413       0.45520813850047492     
   2.4049999999999936           100000  -1.2386604687088039        1.4104712883284667       -4.2522448925792558E-002   8.5514602078660715       0.46521543824766926     
   2.4099999999999935           100000  -1.2252449690477079        1.3808489104959525       -1.5116549618123826E-002   8.6272116843923676       0.44508683875616040     
   2.4149999999999934           100000  -1.2128079693618929        1.3361090700035998       -4.2880498916747459E-002   8.7022289620019322       0.42362018929845363     
   2.4199999999999933           100000  -1.2116157693920104        1.3379845489114948        4.1668348947368941E-002   8.6248444437204768       0.42475893926968639     
   2.4249999999999932           100000  -1.2102466694265968        1.3227005394310389        6.5517448344889997E-002   8.5303397945004509       0.42857763917321795     
   2.4299999999999931           100000  -1.1897750699437528        1.2479838584740854       -7.7029998054058526E-004   8.1164759592485467       0.39233209008885750     
   2.4349999999999929           100000  -1.1874126700034320        1.2289424022075990       -4.6652748821452407E-002   8.2383371798837342       0.39234334008857330     
   2.4399999999999928           100000  -1.1813333701570081        1.2091888500608865       -4.1604848948973081E-002   7.9550180650119726       0.38646324023711714     
   2.4449999999999927           100000  -1.1789189702180010        1.1912994073993657       -8.2153497924628040E-003   7.9069232959864744       0.38649754023625060     
   2.4499999999999926           100000  -1.1731058703648523        1.1792171064274912        3.4613449125590709E-002   7.7987281297363031       0.38111754037216083     
   2.4549999999999925           100000  -1.1610959706682480        1.1299445687303200        4.1391498954362763E-003   7.5038410907801030       0.36082684088474709     
   2.4599999999999924           100000  -1.1612785706636350        1.1456755113931170        2.3606199403657230E-002   7.3146610554181111       0.37205629060106726     
   2.4649999999999923           100000  -1.1526705708810914        1.1004485869339753        2.5273999361525058E-002   7.1827493833826139       0.35361689106688571     
   2.4699999999999922           100000  -1.1509940709234434        1.1084799819720452       -1.3094249669211421E-002   7.2610392846921430       0.35998244090607845     
   2.4749999999999921           100000  -1.1433873711156048        1.0763786637856279       -3.9173299010399204E-002   7.0614259016475129       0.34771019121610153     
   2.4799999999999920           100000  -1.1374673712651566        1.0547960596041177        3.2230499185789086E-003   6.9434304206615334       0.34055944139674466     
   2.4849999999999919           100000  -1.1357453713086580        1.0491031860864370       -2.7087549315710929E-002   6.9656255089852186       0.34015034140707939     
   2.4899999999999918           100000  -1.1278889715071272        1.0134880030287914        2.1370549460134496E-002   6.6353846755214931       0.33221514160753940     
   2.4949999999999917           100000  -1.1245863715905580        1.0094548688271403        1.5162749616956716E-002   6.8736671604927500       0.32464444179879137     
   2.4999999999999916           100000  -1.1187584717377832       0.99687980178280944        3.6997499065364535E-003   6.4888496971228813       0.32639294175462058     
   2.5049999999999915           100000  -1.1110460719326147       0.95695972396634921       -2.1772499449980386E-003   6.1987546362571058       0.31520704203720012     
   2.5099999999999913           100000  -1.1060639720584731       0.95047243256065528        7.1364498197181089E-003   6.0924268140033666       0.30652344225656636     
   2.5149999999999912           100000  -1.1039710721113443       0.95054286754037753        3.0219499236591219E-002   6.1586563753909962       0.30600519226965844     
   2.5199999999999911           100000  -1.0992757722299575       0.96020620283409697        3.7096499062863587E-003   6.0582235042193346       0.30407774231834994     
   2.5249999999999910           100000  -1.0932303723826773       0.89987314784661343        4.8766998768041952E-003   5.7909021112592578       0.29353279258473775     
   2.5299999999999909           100000  -1.0919199724157806       0.91239177933889293       -5.4914498612743043E-003   5.8684551791089890       0.29824484246570138     
   2.5349999999999908           100000  -1.0850268725899150       0.87512022451139893       -2.1310999461638856E-002   5.6223614027306734       0.29103239264790315     
   2.5399999999999907           100000  -1.0811575726876617       0.87380427398773453       -2.6884999320827773E-003   5.4635235528918855       0.28841959271390805     
   2.5449999999999906           100000  -1.0763103728101124       0.85679272605065315       -5.8180498530236947E-003   5.4160910344046167       0.27627694302065720     
   2.5499999999999905           100000  -1.0731932728888569       0.86551342254019981        1.7695499552974070E-003   5.2963788971324348       0.27852524296386039     
   2.5549999999999904           100000  -1.0656091730804473       0.82763170912289596       -1.6665899578983952E-002   5.0849189148760292       0.26868929321233737     
   2.5599999999999903           100000  -1.0663574730615437       0.84996518359246676       -2.2954499420120558E-003   5.2749772919515250       0.27922044294629816     
   2.5649999999999902           100000  -1.0575547732839188       0.80732687605152920        8.8067497775227814E-003   4.7841358279010331       0.26367344333904841     
   2.5699999999999901           100000  -1.0560744733213141       0.80130286848726229       -5.7859998538333460E-003   4.8263007749674012       0.26500339330545103     
   2.5749999999999900           100000  -1.0510849734473595       0.77904235922562592       -7.9890497981796212E-003   4.6939375072228930       0.25790584348475021     
   2.5799999999999899           100000  -1.0492144734946123       0.77945456835013094       -5.4439498624742552E-003   4.7818940584429104       0.26117004340228955     
   2.5849999999999898           100000  -1.0452589735945366       0.77322880886122503        1.3067999669874552E-003   4.5510935160291730       0.25341979359807737     
   2.5899999999999896           100000  -1.0398924737301058       0.77494840168199730        3.0020999241605747E-003   4.5296502396203397       0.25090279366166213     
   2.5949999999999895           100000  -1.0345068738661576       0.75410456999002295        6.1860998437259698E-003   4.4263577655776949       0.24477799381638760     
   2.5999999999999894           100000  -1.0310555739533447       0.75197847592590339       -1.5223999615409411E-003   4.2624181387386217       0.24172709389345984     
