   2.1050000000000000   0.96575149713980823  
   2.1099999999999999   0.98134872310541987  
   2.1149999999999998   0.99823370944355272  
   2.1199999999999997    1.0032126151305136  
   2.1249999999999996    1.0761206235456573  
   2.1299999999999994   0.99324177618666776  
   2.1349999999999993    1.0518871125178564  
   2.1399999999999992    1.0651474892241688  
   2.1449999999999991    1.1183792933804941  
   2.1499999999999990    1.1014835808372068  
   2.1549999999999989    1.1373562336644869  
   2.1599999999999988    1.1621032989197650  
   2.1649999999999987    1.1827589351415964  
   2.1699999999999986    1.1641442986805590  
   2.1749999999999985    1.2771580945839773  
   2.1799999999999984    1.2613265576747965  
   2.1849999999999983    1.2455086760724237  
   2.1899999999999982    1.2963668694231480  
   2.1949999999999981    1.3626470461254045  
   2.1999999999999980    1.3728021635316903  
   2.2049999999999979    1.3418823722644035  
   2.2099999999999977    1.4142861497737926  
   2.2149999999999976    1.4862034648448685  
   2.2199999999999975    1.4782710362112630  
   2.2249999999999974    1.3966678594774471  
   2.2299999999999973    1.5001431620528412  
   2.2349999999999972    1.5107777503003654  
   2.2399999999999971    1.5544777323062093  
   2.2449999999999970    1.4806836281665632  
   2.2499999999999969    1.5528443368536142  
   2.2549999999999968    1.5507388419386665  
   2.2599999999999967    1.5809567851558388  
   2.2649999999999966    1.5908708280752795  
   2.2699999999999965    1.6381597022472316  
   2.2749999999999964    1.5909461575778394  
   2.2799999999999963    1.6473989195451311  
   2.2849999999999961    1.6431890594927860  
   2.2899999999999960    1.6868769477431336  
   2.2949999999999959    1.6254684881915140  
   2.2999999999999958    1.6825403356152828  
   2.3049999999999957    1.6412009623254311  
   2.3099999999999956    1.6330075973829417  
   2.3149999999999955    1.7177547380487193  
   2.3199999999999954    1.6657462884535084  
   2.3249999999999953    1.6670510861207839  
   2.3299999999999952    1.6504275690505950  
   2.3349999999999951    1.6645307239610116  
   2.3399999999999950    1.6155985129418189  
   2.3449999999999949    1.6323876560445472  
   2.3499999999999948    1.5598746207130669  
   2.3549999999999947    1.5955383990134451  
   2.3599999999999945    1.5834149851302080  
   2.3649999999999944    1.5189727043583889  
   2.3699999999999943    1.5601650441081765  
   2.3749999999999942    1.5099516244426214  
   2.3799999999999941    1.4582766103693059  
   2.3849999999999940    1.4692023053095813  
   2.3899999999999939    1.4634996920421159  
   2.3949999999999938    1.4383317297326872  
   2.3999999999999937    1.4315440658993972  
   2.4049999999999936    1.4104712883284667  
   2.4099999999999935    1.3808489104959525  
   2.4149999999999934    1.3361090700035998  
   2.4199999999999933    1.3379845489114948  
   2.4249999999999932    1.3227005394310389  
   2.4299999999999931    1.2479838584740854  
   2.4349999999999929    1.2289424022075990  
   2.4399999999999928    1.2091888500608865  
   2.4449999999999927    1.1912994073993657  
   2.4499999999999926    1.1792171064274912  
   2.4549999999999925    1.1299445687303200  
   2.4599999999999924    1.1456755113931170  
   2.4649999999999923    1.1004485869339753  
   2.4699999999999922    1.1084799819720452  
   2.4749999999999921    1.0763786637856279  
   2.4799999999999920    1.0547960596041177  
   2.4849999999999919    1.0491031860864370  
   2.4899999999999918    1.0134880030287914  
   2.4949999999999917    1.0094548688271403  
   2.4999999999999916   0.99687980178280944  
   2.5049999999999915   0.95695972396634921  
   2.5099999999999913   0.95047243256065528  
   2.5149999999999912   0.95054286754037753  
   2.5199999999999911   0.96020620283409697  
   2.5249999999999910   0.89987314784661343  
   2.5299999999999909   0.91239177933889293  
   2.5349999999999908   0.87512022451139893  
   2.5399999999999907   0.87380427398773453  
   2.5449999999999906   0.85679272605065315  
   2.5499999999999905   0.86551342254019981  
   2.5549999999999904   0.82763170912289596  
   2.5599999999999903   0.84996518359246676  
   2.5649999999999902   0.80732687605152920  
   2.5699999999999901   0.80130286848726229  
   2.5749999999999900   0.77904235922562592  
   2.5799999999999899   0.77945456835013094  
   2.5849999999999898   0.77322880886122503  
   2.5899999999999896   0.77494840168199730  
   2.5949999999999895   0.75410456999002295  
   2.5999999999999894   0.75197847592590339  
