   2.1050000000000000   -1.6573732581312288    
   2.1099999999999999   -1.6516452582759302    
   2.1149999999999998   -1.6477946583732046    
   2.1199999999999997   -1.6424373585085412    
   2.1249999999999996   -1.6359155586732961    
   2.1299999999999994   -1.6341040587190583    
   2.1349999999999993   -1.6272713588916665    
   2.1399999999999992   -1.6223582590157821    
   2.1449999999999991   -1.6120565592760250    
   2.1499999999999990   -1.6110693593009635    
   2.1549999999999989   -1.6043645594703413    
   2.1599999999999988   -1.5986879596137442    
   2.1649999999999987   -1.5904431598220252    
   2.1699999999999986   -1.5906721598162403    
   2.1749999999999985   -1.5772383601556066    
   2.1799999999999984   -1.5741660602332195    
   2.1849999999999983   -1.5702173603329721    
   2.1899999999999982   -1.5625626605263458    
   2.1949999999999981   -1.5520244607925633    
   2.1999999999999980   -1.5428114610253032    
   2.2049999999999979   -1.5403006610887313    
   2.2099999999999977   -1.5332732612662585    
   2.2149999999999976   -1.5210499615750450    
   2.2199999999999975   -1.5159295617043971    
   2.2249999999999974   -1.5195153616138124    
   2.2299999999999973   -1.5049561619816085    
   2.2349999999999972   -1.4934699622717744    
   2.2399999999999971   -1.4885174623968851    
   2.2449999999999970   -1.4866813624432689    
   2.2499999999999969   -1.4778263626669650    
   2.2549999999999968   -1.4687782628955393    
   2.2599999999999967   -1.4641176630132757    
   2.2649999999999966   -1.4506191633542767    
   2.2699999999999965   -1.4411410635937136    
   2.2749999999999964   -1.4382914636657005    
   2.2799999999999963   -1.4301332638717941    
   2.2849999999999961   -1.4221727640728932    
   2.2899999999999960   -1.4073372644476696    
   2.2949999999999959   -1.4038212645364911    
   2.2999999999999958   -1.3957420647405887    
   2.3049999999999957   -1.3836955650449090    
   2.3099999999999956   -1.3778718651920281    
   2.3149999999999955   -1.3693608654070339    
   2.3199999999999954   -1.3591887656640029    
   2.3249999999999953   -1.3429948660730953    
   2.3299999999999952   -1.3421968660932544    
   2.3349999999999951   -1.3384713661873684    
   2.3399999999999950   -1.3298480664052112    
   2.3449999999999949   -1.3176787667126337    
   2.3499999999999948   -1.3148382667843908    
   2.3549999999999947   -1.3038878670610212    
   2.3599999999999945   -1.2934032673258844    
   2.3649999999999944   -1.2836752675716343    
   2.3699999999999943   -1.2810301676384550    
   2.3749999999999942   -1.2717677678724431    
   2.3799999999999941   -1.2606119681542622    
   2.3849999999999940   -1.2571725682411488    
   2.3899999999999939   -1.2461649685192242    
   2.3949999999999938   -1.2455326685351973    
   2.3999999999999937   -1.2378059687303904    
   2.4049999999999936   -1.2386604687088039    
   2.4099999999999935   -1.2252449690477079    
   2.4149999999999934   -1.2128079693618929    
   2.4199999999999933   -1.2116157693920104    
   2.4249999999999932   -1.2102466694265968    
   2.4299999999999931   -1.1897750699437528    
   2.4349999999999929   -1.1874126700034320    
   2.4399999999999928   -1.1813333701570081    
   2.4449999999999927   -1.1789189702180010    
   2.4499999999999926   -1.1731058703648523    
   2.4549999999999925   -1.1610959706682480    
   2.4599999999999924   -1.1612785706636350    
   2.4649999999999923   -1.1526705708810914    
   2.4699999999999922   -1.1509940709234434    
   2.4749999999999921   -1.1433873711156048    
   2.4799999999999920   -1.1374673712651566    
   2.4849999999999919   -1.1357453713086580    
   2.4899999999999918   -1.1278889715071272    
   2.4949999999999917   -1.1245863715905580    
   2.4999999999999916   -1.1187584717377832    
   2.5049999999999915   -1.1110460719326147    
   2.5099999999999913   -1.1060639720584731    
   2.5149999999999912   -1.1039710721113443    
   2.5199999999999911   -1.0992757722299575    
   2.5249999999999910   -1.0932303723826773    
   2.5299999999999909   -1.0919199724157806    
   2.5349999999999908   -1.0850268725899150    
   2.5399999999999907   -1.0811575726876617    
   2.5449999999999906   -1.0763103728101124    
   2.5499999999999905   -1.0731932728888569    
   2.5549999999999904   -1.0656091730804473    
   2.5599999999999903   -1.0663574730615437    
   2.5649999999999902   -1.0575547732839188    
   2.5699999999999901   -1.0560744733213141    
   2.5749999999999900   -1.0510849734473595    
   2.5799999999999899   -1.0492144734946123    
   2.5849999999999898   -1.0452589735945366    
   2.5899999999999896   -1.0398924737301058    
   2.5949999999999895   -1.0345068738661576    
   2.5999999999999894   -1.0310555739533447    
