   2.1050000000000000  0.86583207812724139     
   2.1099999999999999  0.86301892819830750     
   2.1149999999999998  0.86126292824266781     
   2.1199999999999997  0.85750152833768889     
   2.1249999999999996  0.85234787846788096     
   2.1299999999999994  0.85433412841770406     
   2.1349999999999993  0.84836177856857842     
   2.1399999999999992  0.84576832863409435     
   2.1449999999999991  0.83665147886440538     
   2.1499999999999990  0.83841727881979755     
   2.1549999999999989  0.83173837898852077     
   2.1599999999999988  0.82823817907694308     
   2.1649999999999987  0.82139537924980688     
   2.1699999999999986  0.82605182913217501     
   2.1749999999999985  0.80959112954800738     
   2.1799999999999984  0.80928337955578178     
   2.1849999999999983  0.80964727954658888     
   2.1899999999999982  0.80202592973912024     
   2.1949999999999981  0.78903103006739905     
   2.1999999999999980  0.78223428023909947     
   2.2049999999999979  0.78418578018980045     
   2.2099999999999977  0.77445018043574243     
   2.2149999999999976  0.76210298074765892     
   2.2199999999999975  0.75896488082693403     
   2.2249999999999974  0.76731313061603945     
   2.2299999999999973  0.74971313106065285     
   2.2349999999999972  0.74058288129130234     
   2.2399999999999971  0.73633188139869166     
   2.2449999999999970  0.73700923138158037     
   2.2499999999999969  0.72486938168825876     
   2.2549999999999968  0.71990813181359048     
   2.2599999999999967  0.71402808196213297     
   2.2649999999999966  0.69960958232637493     
   2.2699999999999965  0.68566128267873860     
   2.2749999999999964  0.69117748253938771     
   2.2799999999999963  0.67659418290779283     
   2.2849999999999961  0.67304758299738743     
   2.2899999999999960  0.65219648352413062     
   2.2949999999999959  0.65256883351472417     
   2.2999999999999958  0.63944643384622402     
   2.3049999999999957  0.62543308420023092     
   2.3099999999999956  0.61940118435260960     
   2.3149999999999955  0.60670833467325791     
   2.3199999999999954  0.59686373492195344     
   2.3249999999999953  0.57382823550387907     
   2.3299999999999952  0.57789923540103705     
   2.3349999999999951  0.57672438543071625     
   2.3399999999999950  0.56685793567996368     
   2.3449999999999949  0.54701718618118322     
   2.3499999999999948  0.55012738610261303     
   2.3549999999999947  0.53554843647090822     
   2.3599999999999945  0.51938053687934371     
   2.3649999999999944  0.50816798716259659     
   2.3699999999999943  0.50418268726327375     
   2.3749999999999942  0.49405988751899715     
   2.3799999999999941  0.48022538786848601     
   2.3849999999999940  0.47703018794920354     
   2.3899999999999939  0.45904553840353401     
   2.3949999999999938  0.46560338823786884     
   2.3999999999999937  0.45520813850047492     
   2.4049999999999936  0.46521543824766926     
   2.4099999999999935  0.44508683875616040     
   2.4149999999999934  0.42362018929845363     
   2.4199999999999933  0.42475893926968639     
   2.4249999999999932  0.42857763917321795     
   2.4299999999999931  0.39233209008885750     
   2.4349999999999929  0.39234334008857330     
   2.4399999999999928  0.38646324023711714     
   2.4449999999999927  0.38649754023625060     
   2.4499999999999926  0.38111754037216083     
   2.4549999999999925  0.36082684088474709     
   2.4599999999999924  0.37205629060106726     
   2.4649999999999923  0.35361689106688571     
   2.4699999999999922  0.35998244090607845     
   2.4749999999999921  0.34771019121610153     
   2.4799999999999920  0.34055944139674466     
   2.4849999999999919  0.34015034140707939     
   2.4899999999999918  0.33221514160753940     
   2.4949999999999917  0.32464444179879137     
   2.4999999999999916  0.32639294175462058     
   2.5049999999999915  0.31520704203720012     
   2.5099999999999913  0.30652344225656636     
   2.5149999999999912  0.30600519226965844     
   2.5199999999999911  0.30407774231834994     
   2.5249999999999910  0.29353279258473775     
   2.5299999999999909  0.29824484246570138     
   2.5349999999999908  0.29103239264790315     
   2.5399999999999907  0.28841959271390805     
   2.5449999999999906  0.27627694302065720     
   2.5499999999999905  0.27852524296386039     
   2.5549999999999904  0.26868929321233737     
   2.5599999999999903  0.27922044294629816     
   2.5649999999999902  0.26367344333904841     
   2.5699999999999901  0.26500339330545103     
   2.5749999999999900  0.25790584348475021     
   2.5799999999999899  0.26117004340228955     
   2.5849999999999898  0.25341979359807737     
   2.5899999999999896  0.25090279366166213     
   2.5949999999999895  0.24477799381638760     
   2.5999999999999894  0.24172709389345984     
