   2.1050000000000000   0.99866544702366489   
   2.1099999999999999   0.94956301035727031   
   2.1149999999999998    1.0418167010728163   
   2.1199999999999997    1.0723884772606775   
   2.1249999999999996    1.3421568072135974   
   2.1299999999999994   0.95942003816112953   
   2.1349999999999993    1.2564159836906195   
   2.1399999999999992    1.3446278088139543   
   2.1449999999999991    1.6827175763025330   
   2.1499999999999990    1.4899536960458439   
   2.1549999999999989    1.7905984589873403   
   2.1599999999999988    1.8564955808852179   
   2.1649999999999987    2.1224200670211610   
   2.1699999999999986    1.6850226485816688   
   2.1749999999999985    2.7141617979963084   
   2.1799999999999984    2.6784095707975930   
   2.1849999999999983    2.2979196971458373   
   2.1899999999999982    2.6173874272762720   
   2.1949999999999981    3.4718461288475044   
   2.1999999999999980    3.4436751604898448   
   2.2049999999999979    3.0803589449930557   
   2.2099999999999977    3.7638039540591706   
   2.2149999999999976    4.3128381868980989   
   2.2199999999999975    4.2536071213149631   
   2.2249999999999974    3.6955357197926424   
   2.2299999999999973    4.6429210784328454   
   2.2349999999999972    4.4442052716997864   
   2.2399999999999971    4.8151686710598103   
   2.2449999999999970    4.5921451644176043   
   2.2499999999999969    5.3900242580162576   
   2.2549999999999968    5.1251136454505968   
   2.2599999999999967    5.5822717687027748   
   2.2649999999999966    5.8021632004409671   
   2.2699999999999965    6.6164665392555131   
   2.2749999999999964    5.7214966575959973   
   2.2799999999999963    6.7395811614716283   
   2.2849999999999961    6.5407847061545157   
   2.2899999999999960    7.2954939874478129   
   2.2949999999999959    6.7664884595573662   
   2.2999999999999958    7.6837580079566923   
   2.3049999999999957    7.7313022439253407   
   2.3099999999999956    7.9117915976330613   
   2.3149999999999955    8.5949908133932116   
   2.3199999999999954    8.4088819747249737   
   2.3249999999999953    8.8272544127417873   
   2.3299999999999952    8.4995795339808193   
   2.3349999999999951    8.5521338905247752   
   2.3399999999999950    8.6348596774589392   
   2.3449999999999949    9.2011270960530389   
   2.3499999999999948    8.6007195979740949   
   2.3549999999999947    8.7817261812261407   
   2.3599999999999945    9.1050522863109755   
   2.3649999999999944    8.9988101404608276   
   2.3699999999999943    9.1520958772116305   
   2.3749999999999942    9.0369125933257539   
   2.3799999999999941    8.8692096113568937   
   2.3849999999999940    9.0412047253196999   
   2.3899999999999939    9.1238584470857909   
   2.3949999999999938    8.8222501963259337   
   2.3999999999999937    9.0355892147843413   
   2.4049999999999936    8.5514602078660715   
   2.4099999999999935    8.6272116843923676   
   2.4149999999999934    8.7022289620019322   
   2.4199999999999933    8.6248444437204768   
   2.4249999999999932    8.5303397945004509   
   2.4299999999999931    8.1164759592485467   
   2.4349999999999929    8.2383371798837342   
   2.4399999999999928    7.9550180650119726   
   2.4449999999999927    7.9069232959864744   
   2.4499999999999926    7.7987281297363031   
   2.4549999999999925    7.5038410907801030   
   2.4599999999999924    7.3146610554181111   
   2.4649999999999923    7.1827493833826139   
   2.4699999999999922    7.2610392846921430   
   2.4749999999999921    7.0614259016475129   
   2.4799999999999920    6.9434304206615334   
   2.4849999999999919    6.9656255089852186   
   2.4899999999999918    6.6353846755214931   
   2.4949999999999917    6.8736671604927500   
   2.4999999999999916    6.4888496971228813   
   2.5049999999999915    6.1987546362571058   
   2.5099999999999913    6.0924268140033666   
   2.5149999999999912    6.1586563753909962   
   2.5199999999999911    6.0582235042193346   
   2.5249999999999910    5.7909021112592578   
   2.5299999999999909    5.8684551791089890   
   2.5349999999999908    5.6223614027306734   
   2.5399999999999907    5.4635235528918855   
   2.5449999999999906    5.4160910344046167   
   2.5499999999999905    5.2963788971324348   
   2.5549999999999904    5.0849189148760292   
   2.5599999999999903    5.2749772919515250   
   2.5649999999999902    4.7841358279010331   
   2.5699999999999901    4.8263007749674012   
   2.5749999999999900    4.6939375072228930   
   2.5799999999999899    4.7818940584429104   
   2.5849999999999898    4.5510935160291730   
   2.5899999999999896    4.5296502396203397   
   2.5949999999999895    4.4263577655776949   
   2.5999999999999894    4.2624181387386217   
