   2.1050000000000000           100000  -1.6570956331382423       0.98529640750854974       0.86592432812491094        1.0018695142628784       0.86592432812491094     
   2.1099999999999999           100000  -1.6524003332568555       0.97405720276809482       0.86377165317929216       0.95340689785143473       0.86377165317929216     
   2.1149999999999998           100000  -1.6475500333793842       0.99676740844264411       0.86123064074348343       0.97939948187978632       0.86123064074348343     
   2.1199999999999997           100000  -1.6429546584954733        1.0256925472349812       0.85799176582530434        1.1121953312550725       0.85799176582530434     
   2.1249999999999996           100000  -1.6373391336373335        1.0365527602071174       0.85401112842586380        1.2189504917331646       0.85401112842586380     
   2.1299999999999994           100000  -1.6313283337891789        1.0748611197059856       0.85008276602510247        1.5237318946870770       0.85008276602510247     
   2.1349999999999993           100000  -1.6262202589182198        1.0816514667317143       0.84665160361178093        1.4333686238217889       0.84665160361178093     
   2.1399999999999992           100000  -1.6206071340600192        1.0880011948559871       0.84359166618908143        1.4281831128863709       0.84359166618908143     
   2.1449999999999991           100000  -1.6154158591911618        1.1367753899550803       0.83918969130028476        1.7655165682666609       0.83918969130028476     
   2.1499999999999990           100000  -1.6104852343157199        1.1169404038817423       0.83774970383666181        1.4991490957134974       0.83774970383666181     
   2.1549999999999989           100000  -1.6045133094665835        1.1600976732460062       0.83254430396816126        1.8495423070453829       0.83254430396816126     
   2.1599999999999988           100000  -1.5985323346176756        1.1892263731854749       0.82852459156970792        2.0354673521813118       0.82852459156970792     
   2.1649999999999987           100000  -1.5926152347671541        1.1894938302606326       0.82472682916564732        1.9260586648605458       0.82472682916564732     
   2.1699999999999986           100000  -1.5859853349346396        1.2633398620513536      -0.65419574597362495        3.8009854977702222       0.81694384186226221     
   2.1749999999999985           100000  -1.5795719350966555        1.2621365821332078      -0.81400529193649618        2.6908133168178283       0.81400529193649618     
   2.1799999999999984           100000  -1.5736168352470941        1.2591557071281545      -0.80962126704724591        2.5296094050526015       0.80962126704724591     
   2.1849999999999983           100000  -1.5663264354312649        1.3021461807020518      -0.80280447971945246        2.9472206338781364       0.80280447971945246     
   2.1899999999999982           100000  -1.5625783855259487        1.3203331851589786      -0.80208012973775111        2.9139848189345678       0.80208012973775111     
   2.1949999999999981           100000  -1.5529716357686358        1.3380171862479651      -0.79165200500118771        3.6609304008197583       0.79165200500118771     
   2.1999999999999980           100000  -1.5465674109304199        1.3829724110922974      -0.78581764264857612        3.8368442754445122       0.78581764264857612     
   2.2049999999999979           100000  -1.5367984111772057        1.5390875192155060      -0.48465598775655960        6.7847095871743024       0.77126185551628623     
   2.2099999999999977           100000  -1.5298088363537772        1.5301389937383840      -0.73463260644161887        6.6947450414743823       0.76555285566050768     
   2.2149999999999976           100000  -1.5262418864438860        1.5222349689496448      -0.76336115571587471        8.1427134262955345       0.76374090570628139     
   2.2199999999999975           100000  -1.5168603616808833        1.5697861097118435       0.56640393569143277        8.6016795141464542       0.75365460596108280     
   2.2249999999999974           100000  -1.5114741868169494        1.5298207208240060       0.75455683093829062        5.5417395013311985       0.75455683093829062     
   2.2299999999999973           100000  -1.4999371621083992        1.6798519605978572       0.71759348187206340        11.053483693905642       0.73255633149406996     
   2.2349999999999972           100000  -1.4890000623846935        1.7998052355155982       -7.5589498090448612E-002   16.021284132358005       0.71180300701834320     
   2.2399999999999971           100000  -1.4807187375938975        1.8195678551555134        6.9493185744454428E-002   15.090409838004449       0.70371551972265023     
   2.2449999999999970           100000  -1.4719585378151987        1.8361789903314434      -0.23673504401956960        16.320569143123507       0.69371598247525978     
   2.2499999999999969           100000  -1.4619313630685065        1.8933246922318268       0.39122421511684480        18.640044113602062       0.67655630790874965     
   2.2549999999999968           100000  -1.4595884381276938        1.8995934141699933       0.15196530866103330        18.325118845143315       0.68027644531477116     
   2.2599999999999967           100000  -1.4458699384742522        1.9603139194599595       0.23879634396749680        20.615555734701271       0.65550003344067587     
   2.2649999999999966           100000  -1.4357283887304493        1.9554006693605108       -2.0826099473888464E-002   18.709389046430008       0.64606288367907838     
   2.2699999999999965           100000  -1.4272662639442206        1.8889679417262639       0.40658487722880182        19.855422407848064       0.63317529650464621     
   2.2749999999999964           100000  -1.4169521142047778        1.9410996111575520       0.38240385283966588        19.251825918538906       0.61945399685127545     
   2.2799999999999963           100000  -1.4148750392572491        1.9992638469309660      -0.12311900938975213        22.438593302004421       0.61912377185961753     
   2.2849999999999961           100000  -1.3894457398996474        2.0487781310449726       -1.8792212025268783E-002   27.674789425698133       0.55762637341317256     
   2.2899999999999960           100000  -1.3869170649635270        1.9999697274055519      -0.12674475929815798        26.668302220450599       0.56210742329997176     
   2.2949999999999959           100000  -1.3780131401884592        2.0143613192394336        6.7599285792298361E-002   25.939842238654062       0.55308449852790997     
   2.2999999999999958           100000  -1.3654638405054811        2.0448336673613152        6.1788723439085515E-002   31.125055205196951       0.51733063693112857     
   2.3049999999999957           100000  -1.3552677657630556        1.9840291410501929       -4.8509148774555796E-002   31.836886265697629       0.49862361240370773     
   2.3099999999999956           100000  -1.3485939659316499        1.9740538047059371        5.8535261021274890E-002   30.613093969392551       0.49458262500579170     
   2.3149999999999955           100000  -1.3348712162783158        1.9247194210901641        2.3812211898452916E-002   31.537350807700612       0.46214135082532720     
   2.3199999999999954           100000  -1.3340531162989828        1.8499694639749533      -0.27217133062437371        27.364195062473385       0.48209535032124673     
   2.3249999999999953           100000  -1.3234416415670514        1.9127020891033366        3.0982661717312111E-002   33.610565294015338       0.44544215124718445     
   2.3299999999999952           100000  -1.3139401668070785        1.7760764899661798        7.7797435534671416E-002   29.814313132765253       0.43523132650513163     
   2.3349999999999951           100000  -1.3008472171378345        1.7486589465587594        7.7503723042091216E-002   30.811648406333386       0.40059248988018226     
   2.3399999999999950           100000  -1.2913096923787726        1.6550704694123166       -1.6560749581640267E-002   29.879265253079975       0.38034639039164175     
   2.3449999999999949           100000  -1.2849402925396771        1.6458756432123283       -6.6395348322712378E-002   27.851663471905916       0.37863569043485767     
   2.3499999999999948           100000  -1.2705277179037693        1.5907442630363040       -2.2949599420244340E-002   27.315596187322701       0.33981686641550368     
   2.3549999999999947           100000  -1.2750111177905092        1.5816017214907268        7.4056610629172612E-002   26.319586492664644       0.37472312803369734     
   2.3599999999999945           100000  -1.2584070682099626        1.4674281945867971        5.7207448554818255E-002   25.301047992148579       0.32619254175968304     
   2.3649999999999944           100000  -1.2515768433825087        1.4093506983881225       -2.9518024254311971E-002   24.252092035592078       0.30907724219205190     
   2.3699999999999943           100000  -1.2477410684794086        1.4474346196550771        3.7241274059206263E-002   24.518185968814194       0.32058554190132782     
   2.3749999999999942           100000  -1.2387342687069396        1.3619871616355852        1.6163349591679435E-002   23.496344719448807       0.29877149245239709     
   2.3799999999999941           100000  -1.2325628438628429        1.3487279830847796       -5.0543661223159689E-002   23.130443289440425       0.28740935523942879     
   2.3849999999999940           100000  -1.2261354690252120        1.2942620596897150        5.6988348560353189E-002   21.869396913262630       0.27844804296581060     
   2.3899999999999939           100000  -1.2183549192217651        1.2686511636409357        1.2053562195501400E-002   20.424792166768924       0.25875348096333706     
   2.3949999999999938           100000  -1.2155229942933057        1.2443491356746272       -3.1679511699708202E-002   20.748165775377817       0.26788175573273748     
   2.3999999999999937           100000  -1.2078310444876206        1.1917479367395838       -1.1536824708555287E-002   18.205741256885375       0.25858306846764212     
   2.4049999999999936           100000  -1.2012643696535088        1.1632512696450616       -7.1631585690433902E-002   17.141661458629091       0.25059500616943753     
   2.4099999999999935           100000  -1.1939811448374986        1.1437241002586898        1.0909324724407270E-002   16.762594861559005       0.23305121911263088     
   2.4149999999999934           100000  -1.1912600199062400        1.1506507427364752       -1.6639574579648979E-002   17.104661157439583       0.23485391906709080     
   2.4199999999999933           100000  -1.1831342701115137        1.0923618399282546        3.3058061664883100E-002   15.801198852753732       0.22430453183359078     
   2.4249999999999932           100000  -1.1755871453021700        1.0389473170469401        1.3739199652918616E-002   13.242300993566829       0.20695604477185042     
   2.4299999999999931           100000  -1.1740808453402223        1.0528625369580300       -1.7097074568091557E-002   14.689258521098045       0.21439266958398545     
   2.4349999999999929           100000  -1.1680266454931645        1.0266973966009354        1.5239337115021952E-002   13.643904939916967       0.20566365730449890     
   2.4399999999999928           100000  -1.1643979455848330        1.0737740267199885       -1.7280299563462904E-002   14.420201080871205       0.21228964463711236     
   2.4449999999999927           100000  -1.1580093957462214        1.0272495890499846        2.0659661978093026E-002   13.002748443960858       0.20169035740487287     
   2.4499999999999926           100000  -1.1523512208891589        1.0070598114546010        9.1492497688705036E-003   12.497801816201255       0.19866259498136060     
   2.4549999999999925           100000  -1.1481996709940359       0.99288080074457885       -2.1245511963293211E-002   11.405977603079281       0.18976268270619129     
   2.4599999999999924           100000  -1.1427873211307633       0.96978186363029062        2.3063974417354985E-002   11.616763845547320       0.18780149525573506     
   2.4649999999999923           100000  -1.1377811462572300       0.94214677454266194        4.2951748914947536E-003   11.355518523881905       0.18661227028577740     
   2.4699999999999922           100000  -1.1343916213428566       0.94069529494686099       -2.8627749276802206E-003   11.241200195059552       0.18661342028574837     
   2.4749999999999921           100000  -1.1297817214593124       0.94161086141998751        1.2309499689035875E-002   10.896175394745805       0.18132002041947087     
   2.4799999999999920           100000  -1.1251464965764080       0.94605911336122261        1.5438837109982159E-002   10.828219397422815       0.18000060795280207     
   2.4849999999999919           100000  -1.1173545217732499       0.88643968040874954       -4.0028498988795031E-003   9.0369657884754346       0.16258984589263492     
   2.4899999999999918           100000  -1.1151727468283661       0.91128186018445467        2.0308749486957822E-004   9.3484897768797826       0.16527115832489928     
   2.4949999999999917           100000  -1.1108460719376672       0.85897167084102910        6.5577748343366689E-003   8.6628933216414250       0.16277594588793362     
   2.4999999999999916           100000  -1.1062817720529712       0.85749301028662017        6.5698873340306815E-003   8.6977510656942219       0.15938340847363636     
   2.5049999999999915           100000  -1.1013787971768305       0.84559059807843495        3.2992624166536186E-003   8.0369494610226297       0.15781865851316526     
   2.5099999999999913           100000  -1.0983473222534121       0.85516896895076566       -1.6647499579448775E-004   8.4025675397315549       0.15731947102577579     
   2.5149999999999912           100000  -1.0925318974003222       0.83457220597885517       -9.2503872663155552E-003   7.5585830426800173       0.15148653367312820     
   2.5199999999999911           100000  -1.0890042724894375       0.81675868196983226        6.6536248319152948E-003   7.2890569049936920       0.14799932126122256     
   2.5249999999999910           100000  -1.0864483975540042       0.81369581536395308       -4.4804123868152600E-003   7.6791700459035228       0.15079948369048451     
   2.5299999999999909           100000  -1.0802993727093417       0.80812076677987810        4.6107123835236056E-003   6.7536182863916210       0.14153748392446233     
   2.5349999999999908           100000  -1.0768569227963052       0.79418833311433767        1.5082499618984002E-004   6.6099232654343760       0.13871714649571004     
   2.5399999999999907           100000  -1.0724709229071050       0.78520075825093327        7.4282123123475680E-003   6.6163779364878206       0.14085940894159193     
   2.5449999999999906           100000  -1.0684288980092151       0.78460890136244255        7.1222873200758848E-003   6.5486087463587834       0.13771375902105773     
   2.5499999999999905           100000  -1.0650399480948272       0.76104062534727857       -5.4036623634920030E-003   6.1519483098422221       0.13415000911108563     
   2.5549999999999904           100000  -1.0613647731876701       0.76058938505400375       -3.6863624068746506E-003   5.8938724312320767       0.13296723414096506     
   2.5599999999999903           100000  -1.0571293982946646       0.76592227500307830        1.2796449676734484E-002   5.9846045448772749       0.13308754663792571     
   2.5649999999999902           100000  -1.0541538983698320       0.75512513123037972        4.1880373942012735E-003   5.9492970678104191       0.13188720916824875     
   2.5699999999999901           100000  -1.0501959734698176       0.74395430503031301        9.0944122702558174E-003   5.5864365621256873       0.12863295925045803     
   2.5749999999999900           100000  -1.0462612735692165       0.74054571284928650       -2.8367624283373517E-003   5.5973619486825283       0.12686330929516315     
   2.5799999999999899           100000  -1.0437843236317894       0.72733802448462914       -4.5757123844077799E-003   5.6880063844802091       0.12843480925546374     
   2.5849999999999898           100000  -1.0392299987468414       0.71039539294057741        1.9691624502547710E-003   5.2961467697960405       0.12390103436999653     
   2.5899999999999896           100000  -1.0359445988298375       0.71669346754908958       -4.4543623874733389E-003   5.0808174006183897       0.12137315943385603     
   2.5949999999999895           100000  -1.0310058989545996       0.71392365295952931        9.3622247634903046E-003   4.8857359932149560       0.11945942198220109     
   2.5999999999999894           100000  -1.0286860490132039       0.71815303413004417        1.8692249527794045E-003   5.0048420824940134       0.12459169685254892     
