   2.1050000000000000      0.98529640750854974  
   2.1099999999999999      0.97405720276809482  
   2.1149999999999998      0.99676740844264411  
   2.1199999999999997       1.0256925472349812  
   2.1249999999999996       1.0365527602071174  
   2.1299999999999994       1.0748611197059856  
   2.1349999999999993       1.0816514667317143  
   2.1399999999999992       1.0880011948559871  
   2.1449999999999991       1.1367753899550803  
   2.1499999999999990       1.1169404038817423  
   2.1549999999999989       1.1600976732460062  
   2.1599999999999988       1.1892263731854749  
   2.1649999999999987       1.1894938302606326  
   2.1699999999999986       1.2633398620513536  
   2.1749999999999985       1.2621365821332078  
   2.1799999999999984       1.2591557071281545  
   2.1849999999999983       1.3021461807020518  
   2.1899999999999982       1.3203331851589786  
   2.1949999999999981       1.3380171862479651  
   2.1999999999999980       1.3829724110922974  
   2.2049999999999979       1.5390875192155060  
   2.2099999999999977       1.5301389937383840  
   2.2149999999999976       1.5222349689496448  
   2.2199999999999975       1.5697861097118435  
   2.2249999999999974       1.5298207208240060  
   2.2299999999999973       1.6798519605978572  
   2.2349999999999972       1.7998052355155982  
   2.2399999999999971       1.8195678551555134  
   2.2449999999999970       1.8361789903314434  
   2.2499999999999969       1.8933246922318268  
   2.2549999999999968       1.8995934141699933  
   2.2599999999999967       1.9603139194599595  
   2.2649999999999966       1.9554006693605108  
   2.2699999999999965       1.8889679417262639  
   2.2749999999999964       1.9410996111575520  
   2.2799999999999963       1.9992638469309660  
   2.2849999999999961       2.0487781310449726  
   2.2899999999999960       1.9999697274055519  
   2.2949999999999959       2.0143613192394336  
   2.2999999999999958       2.0448336673613152  
   2.3049999999999957       1.9840291410501929  
   2.3099999999999956       1.9740538047059371  
   2.3149999999999955       1.9247194210901641  
   2.3199999999999954       1.8499694639749533  
   2.3249999999999953       1.9127020891033366  
   2.3299999999999952       1.7760764899661798  
   2.3349999999999951       1.7486589465587594  
   2.3399999999999950       1.6550704694123166  
   2.3449999999999949       1.6458756432123283  
   2.3499999999999948       1.5907442630363040  
   2.3549999999999947       1.5816017214907268  
   2.3599999999999945       1.4674281945867971  
   2.3649999999999944       1.4093506983881225  
   2.3699999999999943       1.4474346196550771  
   2.3749999999999942       1.3619871616355852  
   2.3799999999999941       1.3487279830847796  
   2.3849999999999940       1.2942620596897150  
   2.3899999999999939       1.2686511636409357  
   2.3949999999999938       1.2443491356746272  
   2.3999999999999937       1.1917479367395838  
   2.4049999999999936       1.1632512696450616  
   2.4099999999999935       1.1437241002586898  
   2.4149999999999934       1.1506507427364752  
   2.4199999999999933       1.0923618399282546  
   2.4249999999999932       1.0389473170469401  
   2.4299999999999931       1.0528625369580300  
   2.4349999999999929       1.0266973966009354  
   2.4399999999999928       1.0737740267199885  
   2.4449999999999927       1.0272495890499846  
   2.4499999999999926       1.0070598114546010  
   2.4549999999999925      0.99288080074457885  
   2.4599999999999924      0.96978186363029062  
   2.4649999999999923      0.94214677454266194  
   2.4699999999999922      0.94069529494686099  
   2.4749999999999921      0.94161086141998751  
   2.4799999999999920      0.94605911336122261  
   2.4849999999999919      0.88643968040874954  
   2.4899999999999918      0.91128186018445467  
   2.4949999999999917      0.85897167084102910  
   2.4999999999999916      0.85749301028662017  
   2.5049999999999915      0.84559059807843495  
   2.5099999999999913      0.85516896895076566  
   2.5149999999999912      0.83457220597885517  
   2.5199999999999911      0.81675868196983226  
   2.5249999999999910      0.81369581536395308  
   2.5299999999999909      0.80812076677987810  
   2.5349999999999908      0.79418833311433767  
   2.5399999999999907      0.78520075825093327  
   2.5449999999999906      0.78460890136244255  
   2.5499999999999905      0.76104062534727857  
   2.5549999999999904      0.76058938505400375  
   2.5599999999999903      0.76592227500307830  
   2.5649999999999902      0.75512513123037972  
   2.5699999999999901      0.74395430503031301  
   2.5749999999999900      0.74054571284928650  
   2.5799999999999899      0.72733802448462914  
   2.5849999999999898      0.71039539294057741  
   2.5899999999999896      0.71669346754908958  
   2.5949999999999895      0.71392365295952931  
   2.5999999999999894      0.71815303413004417  
