   2.1050000000000000   -1.6570956331382423    
   2.1099999999999999   -1.6524003332568555    
   2.1149999999999998   -1.6475500333793842    
   2.1199999999999997   -1.6429546584954733    
   2.1249999999999996   -1.6373391336373335    
   2.1299999999999994   -1.6313283337891789    
   2.1349999999999993   -1.6262202589182198    
   2.1399999999999992   -1.6206071340600192    
   2.1449999999999991   -1.6154158591911618    
   2.1499999999999990   -1.6104852343157199    
   2.1549999999999989   -1.6045133094665835    
   2.1599999999999988   -1.5985323346176756    
   2.1649999999999987   -1.5926152347671541    
   2.1699999999999986   -1.5859853349346396    
   2.1749999999999985   -1.5795719350966555    
   2.1799999999999984   -1.5736168352470941    
   2.1849999999999983   -1.5663264354312649    
   2.1899999999999982   -1.5625783855259487    
   2.1949999999999981   -1.5529716357686358    
   2.1999999999999980   -1.5465674109304199    
   2.2049999999999979   -1.5367984111772057    
   2.2099999999999977   -1.5298088363537772    
   2.2149999999999976   -1.5262418864438860    
   2.2199999999999975   -1.5168603616808833    
   2.2249999999999974   -1.5114741868169494    
   2.2299999999999973   -1.4999371621083992    
   2.2349999999999972   -1.4890000623846935    
   2.2399999999999971   -1.4807187375938975    
   2.2449999999999970   -1.4719585378151987    
   2.2499999999999969   -1.4619313630685065    
   2.2549999999999968   -1.4595884381276938    
   2.2599999999999967   -1.4458699384742522    
   2.2649999999999966   -1.4357283887304493    
   2.2699999999999965   -1.4272662639442206    
   2.2749999999999964   -1.4169521142047778    
   2.2799999999999963   -1.4148750392572491    
   2.2849999999999961   -1.3894457398996474    
   2.2899999999999960   -1.3869170649635270    
   2.2949999999999959   -1.3780131401884592    
   2.2999999999999958   -1.3654638405054811    
   2.3049999999999957   -1.3552677657630556    
   2.3099999999999956   -1.3485939659316499    
   2.3149999999999955   -1.3348712162783158    
   2.3199999999999954   -1.3340531162989828    
   2.3249999999999953   -1.3234416415670514    
   2.3299999999999952   -1.3139401668070785    
   2.3349999999999951   -1.3008472171378345    
   2.3399999999999950   -1.2913096923787726    
   2.3449999999999949   -1.2849402925396771    
   2.3499999999999948   -1.2705277179037693    
   2.3549999999999947   -1.2750111177905092    
   2.3599999999999945   -1.2584070682099626    
   2.3649999999999944   -1.2515768433825087    
   2.3699999999999943   -1.2477410684794086    
   2.3749999999999942   -1.2387342687069396    
   2.3799999999999941   -1.2325628438628429    
   2.3849999999999940   -1.2261354690252120    
   2.3899999999999939   -1.2183549192217651    
   2.3949999999999938   -1.2155229942933057    
   2.3999999999999937   -1.2078310444876206    
   2.4049999999999936   -1.2012643696535088    
   2.4099999999999935   -1.1939811448374986    
   2.4149999999999934   -1.1912600199062400    
   2.4199999999999933   -1.1831342701115137    
   2.4249999999999932   -1.1755871453021700    
   2.4299999999999931   -1.1740808453402223    
   2.4349999999999929   -1.1680266454931645    
   2.4399999999999928   -1.1643979455848330    
   2.4449999999999927   -1.1580093957462214    
   2.4499999999999926   -1.1523512208891589    
   2.4549999999999925   -1.1481996709940359    
   2.4599999999999924   -1.1427873211307633    
   2.4649999999999923   -1.1377811462572300    
   2.4699999999999922   -1.1343916213428566    
   2.4749999999999921   -1.1297817214593124    
   2.4799999999999920   -1.1251464965764080    
   2.4849999999999919   -1.1173545217732499    
   2.4899999999999918   -1.1151727468283661    
   2.4949999999999917   -1.1108460719376672    
   2.4999999999999916   -1.1062817720529712    
   2.5049999999999915   -1.1013787971768305    
   2.5099999999999913   -1.0983473222534121    
   2.5149999999999912   -1.0925318974003222    
   2.5199999999999911   -1.0890042724894375    
   2.5249999999999910   -1.0864483975540042    
   2.5299999999999909   -1.0802993727093417    
   2.5349999999999908   -1.0768569227963052    
   2.5399999999999907   -1.0724709229071050    
   2.5449999999999906   -1.0684288980092151    
   2.5499999999999905   -1.0650399480948272    
   2.5549999999999904   -1.0613647731876701    
   2.5599999999999903   -1.0571293982946646    
   2.5649999999999902   -1.0541538983698320    
   2.5699999999999901   -1.0501959734698176    
   2.5749999999999900   -1.0462612735692165    
   2.5799999999999899   -1.0437843236317894    
   2.5849999999999898   -1.0392299987468414    
   2.5899999999999896   -1.0359445988298375    
   2.5949999999999895   -1.0310058989545996    
   2.5999999999999894   -1.0286860490132039    
