   2.1050000000000000   0.86592432812491094     
   2.1099999999999999   0.86377165317929216     
   2.1149999999999998   0.86123064074348343     
   2.1199999999999997   0.85799176582530434     
   2.1249999999999996   0.85401112842586380     
   2.1299999999999994   0.85008276602510247     
   2.1349999999999993   0.84665160361178093     
   2.1399999999999992   0.84359166618908143     
   2.1449999999999991   0.83918969130028476     
   2.1499999999999990   0.83774970383666181     
   2.1549999999999989   0.83254430396816126     
   2.1599999999999988   0.82852459156970792     
   2.1649999999999987   0.82472682916564732     
   2.1699999999999986   0.81694384186226221     
   2.1749999999999985   0.81400529193649618     
   2.1799999999999984   0.80962126704724591     
   2.1849999999999983   0.80280447971945246     
   2.1899999999999982   0.80208012973775111     
   2.1949999999999981   0.79165200500118771     
   2.1999999999999980   0.78581764264857612     
   2.2049999999999979   0.77126185551628623     
   2.2099999999999977   0.76555285566050768     
   2.2149999999999976   0.76374090570628139     
   2.2199999999999975   0.75365460596108280     
   2.2249999999999974   0.75455683093829062     
   2.2299999999999973   0.73255633149406996     
   2.2349999999999972   0.71180300701834320     
   2.2399999999999971   0.70371551972265023     
   2.2449999999999970   0.69371598247525978     
   2.2499999999999969   0.67655630790874965     
   2.2549999999999968   0.68027644531477116     
   2.2599999999999967   0.65550003344067587     
   2.2649999999999966   0.64606288367907838     
   2.2699999999999965   0.63317529650464621     
   2.2749999999999964   0.61945399685127545     
   2.2799999999999963   0.61912377185961753     
   2.2849999999999961   0.55762637341317256     
   2.2899999999999960   0.56210742329997176     
   2.2949999999999959   0.55308449852790997     
   2.2999999999999958   0.51733063693112857     
   2.3049999999999957   0.49862361240370773     
   2.3099999999999956   0.49458262500579170     
   2.3149999999999955   0.46214135082532720     
   2.3199999999999954   0.48209535032124673     
   2.3249999999999953   0.44544215124718445     
   2.3299999999999952   0.43523132650513163     
   2.3349999999999951   0.40059248988018226     
   2.3399999999999950   0.38034639039164175     
   2.3449999999999949   0.37863569043485767     
   2.3499999999999948   0.33981686641550368     
   2.3549999999999947   0.37472312803369734     
   2.3599999999999945   0.32619254175968304     
   2.3649999999999944   0.30907724219205190     
   2.3699999999999943   0.32058554190132782     
   2.3749999999999942   0.29877149245239709     
   2.3799999999999941   0.28740935523942879     
   2.3849999999999940   0.27844804296581060     
   2.3899999999999939   0.25875348096333706     
   2.3949999999999938   0.26788175573273748     
   2.3999999999999937   0.25858306846764212     
   2.4049999999999936   0.25059500616943753     
   2.4099999999999935   0.23305121911263088     
   2.4149999999999934   0.23485391906709080     
   2.4199999999999933   0.22430453183359078     
   2.4249999999999932   0.20695604477185042     
   2.4299999999999931   0.21439266958398545     
   2.4349999999999929   0.20566365730449890     
   2.4399999999999928   0.21228964463711236     
   2.4449999999999927   0.20169035740487287     
   2.4499999999999926   0.19866259498136060     
   2.4549999999999925   0.18976268270619129     
   2.4599999999999924   0.18780149525573506     
   2.4649999999999923   0.18661227028577740     
   2.4699999999999922   0.18661342028574837     
   2.4749999999999921   0.18132002041947087     
   2.4799999999999920   0.18000060795280207     
   2.4849999999999919   0.16258984589263492     
   2.4899999999999918   0.16527115832489928     
   2.4949999999999917   0.16277594588793362     
   2.4999999999999916   0.15938340847363636     
   2.5049999999999915   0.15781865851316526     
   2.5099999999999913   0.15731947102577579     
   2.5149999999999912   0.15148653367312820     
   2.5199999999999911   0.14799932126122256     
   2.5249999999999910   0.15079948369048451     
   2.5299999999999909   0.14153748392446233     
   2.5349999999999908   0.13871714649571004     
   2.5399999999999907   0.14085940894159193     
   2.5449999999999906   0.13771375902105773     
   2.5499999999999905   0.13415000911108563     
   2.5549999999999904   0.13296723414096506     
   2.5599999999999903   0.13308754663792571     
   2.5649999999999902   0.13188720916824875     
   2.5699999999999901   0.12863295925045803     
   2.5749999999999900   0.12686330929516315     
   2.5799999999999899   0.12843480925546374     
   2.5849999999999898   0.12390103436999653     
   2.5899999999999896   0.12137315943385603     
   2.5949999999999895   0.11945942198220109     
   2.5999999999999894   0.12459169685254892     
