   2.1050000000000000      1.0018695142628784    
   2.1099999999999999     0.95340689785143473    
   2.1149999999999998     0.97939948187978632    
   2.1199999999999997      1.1121953312550725    
   2.1249999999999996      1.2189504917331646    
   2.1299999999999994      1.5237318946870770    
   2.1349999999999993      1.4333686238217889    
   2.1399999999999992      1.4281831128863709    
   2.1449999999999991      1.7655165682666609    
   2.1499999999999990      1.4991490957134974    
   2.1549999999999989      1.8495423070453829    
   2.1599999999999988      2.0354673521813118    
   2.1649999999999987      1.9260586648605458    
   2.1699999999999986      3.8009854977702222    
   2.1749999999999985      2.6908133168178283    
   2.1799999999999984      2.5296094050526015    
   2.1849999999999983      2.9472206338781364    
   2.1899999999999982      2.9139848189345678    
   2.1949999999999981      3.6609304008197583    
   2.1999999999999980      3.8368442754445122    
   2.2049999999999979      6.7847095871743024    
   2.2099999999999977      6.6947450414743823    
   2.2149999999999976      8.1427134262955345    
   2.2199999999999975      8.6016795141464542    
   2.2249999999999974      5.5417395013311985    
   2.2299999999999973      11.053483693905642    
   2.2349999999999972      16.021284132358005    
   2.2399999999999971      15.090409838004449    
   2.2449999999999970      16.320569143123507    
   2.2499999999999969      18.640044113602062    
   2.2549999999999968      18.325118845143315    
   2.2599999999999967      20.615555734701271    
   2.2649999999999966      18.709389046430008    
   2.2699999999999965      19.855422407848064    
   2.2749999999999964      19.251825918538906    
   2.2799999999999963      22.438593302004421    
   2.2849999999999961      27.674789425698133    
   2.2899999999999960      26.668302220450599    
   2.2949999999999959      25.939842238654062    
   2.2999999999999958      31.125055205196951    
   2.3049999999999957      31.836886265697629    
   2.3099999999999956      30.613093969392551    
   2.3149999999999955      31.537350807700612    
   2.3199999999999954      27.364195062473385    
   2.3249999999999953      33.610565294015338    
   2.3299999999999952      29.814313132765253    
   2.3349999999999951      30.811648406333386    
   2.3399999999999950      29.879265253079975    
   2.3449999999999949      27.851663471905916    
   2.3499999999999948      27.315596187322701    
   2.3549999999999947      26.319586492664644    
   2.3599999999999945      25.301047992148579    
   2.3649999999999944      24.252092035592078    
   2.3699999999999943      24.518185968814194    
   2.3749999999999942      23.496344719448807    
   2.3799999999999941      23.130443289440425    
   2.3849999999999940      21.869396913262630    
   2.3899999999999939      20.424792166768924    
   2.3949999999999938      20.748165775377817    
   2.3999999999999937      18.205741256885375    
   2.4049999999999936      17.141661458629091    
   2.4099999999999935      16.762594861559005    
   2.4149999999999934      17.104661157439583    
   2.4199999999999933      15.801198852753732    
   2.4249999999999932      13.242300993566829    
   2.4299999999999931      14.689258521098045    
   2.4349999999999929      13.643904939916967    
   2.4399999999999928      14.420201080871205    
   2.4449999999999927      13.002748443960858    
   2.4499999999999926      12.497801816201255    
   2.4549999999999925      11.405977603079281    
   2.4599999999999924      11.616763845547320    
   2.4649999999999923      11.355518523881905    
   2.4699999999999922      11.241200195059552    
   2.4749999999999921      10.896175394745805    
   2.4799999999999920      10.828219397422815    
   2.4849999999999919      9.0369657884754346    
   2.4899999999999918      9.3484897768797826    
   2.4949999999999917      8.6628933216414250    
   2.4999999999999916      8.6977510656942219    
   2.5049999999999915      8.0369494610226297    
   2.5099999999999913      8.4025675397315549    
   2.5149999999999912      7.5585830426800173    
   2.5199999999999911      7.2890569049936920    
   2.5249999999999910      7.6791700459035228    
   2.5299999999999909      6.7536182863916210    
   2.5349999999999908      6.6099232654343760    
   2.5399999999999907      6.6163779364878206    
   2.5449999999999906      6.5486087463587834    
   2.5499999999999905      6.1519483098422221    
   2.5549999999999904      5.8938724312320767    
   2.5599999999999903      5.9846045448772749    
   2.5649999999999902      5.9492970678104191    
   2.5699999999999901      5.5864365621256873    
   2.5749999999999900      5.5973619486825283    
   2.5799999999999899      5.6880063844802091    
   2.5849999999999898      5.2961467697960405    
   2.5899999999999896      5.0808174006183897    
   2.5949999999999895      4.8857359932149560    
   2.5999999999999894      5.0048420824940134    
