   2.1200000000000001           100000  -1.6427288362789558       0.99718794392006727       0.85802492832446664        1.0716446181549348       0.85802492832446664     
   2.1400000000000001           100000  -1.6207248701681563        1.0990216408245825       0.84312733981192245        1.5300323072083968       0.84312733981192245     
   2.1600000000000001           100000  -1.5985216929512778        1.1479773336320935       0.82875859573046307        1.7878830319286301       0.82875859573046307     
   2.1800000000000002           100000  -1.5748479602159933        1.2609797540854844       0.81120859617381336        2.4992840285716760       0.81120859617381336     
   2.2000000000000002           100000  -1.5467071164824462        1.3414761499491927       0.78693694123141134        3.4740178644346691       0.78693694123141134     
   2.2200000000000002           100000  -1.5186584949687920        1.5370124251263744       0.75868751972282966        6.4314321035434636       0.75868751972282966     
   2.2400000000000002           100000  -1.4785022404276686        1.9099758860583917       0.69628611018811060        21.194545832998138       0.69636921018601139     
   2.2600000000000002           100000  -1.4467284190081207        1.8931180469027966       -6.4888720582995220E-003   25.159377237229450       0.65680501118548718     
   2.2800000000000002           100000  -1.4041253089732548        2.1778609575685186        1.5052360730856485E-002   45.834611341194062       0.56717849122742137     
   2.3000000000000003           100000  -1.3549854768812979        2.1434352564913191       0.35671096876650055        62.884616440223866       0.43884758891377718     
   2.3200000000000003           100000  -1.3114954113132826        1.7554759670133755       0.14571418520783885        57.979173712842503       0.31688230310599064     
   2.3400000000000003           100000  -1.2829986009220617        1.4940756217210436        5.7077815224759736E-002   44.874239314736464       0.28442945392581859     
   2.3600000000000003           100000  -1.2557003905005613        1.4084360345999738       0.10692307507667365        38.015164368296041       0.23905310507212157     
   2.3800000000000003           100000  -1.2268115356747997        1.2019448577001366        1.4864199624498723E-002   26.898377717876180       0.18902258411377665     
   2.4000000000000004           100000  -1.2044265251291817        1.1565300358448931        7.4038887018509233E-005   21.867294795193668       0.17115405678739584     
   2.4200000000000004           100000  -1.1815204034856166        1.0444794521064886        3.9860221215268317E-003   16.520973862539183       0.14565649632040731     
   2.4400000000000004           100000  -1.1619795595348152        1.0004922204620332        2.2820238312401164E-002   15.102576058046258       0.13673969099010921     
   2.4600000000000004           100000  -1.1414064378323139       0.93300450652185862       -4.0381443424323355E-003   11.605423702184329       0.11940956365012730     
   2.4800000000000004           100000  -1.1226487716395057       0.91089402176430911       -4.5574109959812233E-003   10.727578891135702       0.11321679713990306     
   2.5000000000000004           100000  -1.1059632498387952       0.84196360275381110       -4.5527665516541067E-003   8.5448303515589750       0.10340516405443244     
   2.5200000000000005           100000  -1.0903359724557959       0.82334295708075533        2.8084165957200941E-003   7.9678590380274859       0.10091158078409232     
   2.5400000000000005           100000  -1.0734380951048943       0.77919160460240289       -1.4103110754836558E-003   6.7171632332834150        9.2837108765848414E-002
   2.5600000000000005           100000  -1.0574867177300822       0.76433588105678629       -2.3541888294170755E-003   6.0852405701759809        8.7850897780699599E-002
   2.5800000000000005           100000  -1.0430698069831730       0.75221566833859477       -1.1582444151847287E-003   5.6275058506400448        8.6434075594269327E-002
   2.6000000000000005           100000  -1.0287251073455506       0.69773488961024532        1.7918499547340616E-003   4.8866349522057639        7.8327370243506361E-002
