   2.1200000000000001       0.99718794392006727   
   2.1400000000000001        1.0990216408245825   
   2.1600000000000001        1.1479773336320935   
   2.1800000000000002        1.2609797540854844   
   2.2000000000000002        1.3414761499491927   
   2.2200000000000002        1.5370124251263744   
   2.2400000000000002        1.9099758860583917   
   2.2600000000000002        1.8931180469027966   
   2.2800000000000002        2.1778609575685186   
   2.3000000000000003        2.1434352564913191   
   2.3200000000000003        1.7554759670133755   
   2.3400000000000003        1.4940756217210436   
   2.3600000000000003        1.4084360345999738   
   2.3800000000000003        1.2019448577001366   
   2.4000000000000004        1.1565300358448931   
   2.4200000000000004        1.0444794521064886   
   2.4400000000000004        1.0004922204620332   
   2.4600000000000004       0.93300450652185862   
   2.4800000000000004       0.91089402176430911   
   2.5000000000000004       0.84196360275381110   
   2.5200000000000005       0.82334295708075533   
   2.5400000000000005       0.77919160460240289   
   2.5600000000000005       0.76433588105678629   
   2.5800000000000005       0.75221566833859477   
   2.6000000000000005       0.69773488961024532   
