   2.1200000000000001    -1.6427288362789558 
   2.1400000000000001    -1.6207248701681563 
   2.1600000000000001    -1.5985216929512778 
   2.1800000000000002    -1.5748479602159933 
   2.2000000000000002    -1.5467071164824462 
   2.2200000000000002    -1.5186584949687920 
   2.2400000000000002    -1.4785022404276686 
   2.2600000000000002    -1.4467284190081207 
   2.2800000000000002    -1.4041253089732548 
   2.3000000000000003    -1.3549854768812979 
   2.3200000000000003    -1.3114954113132826 
   2.3400000000000003    -1.2829986009220617 
   2.3600000000000003    -1.2557003905005613 
   2.3800000000000003    -1.2268115356747997 
   2.4000000000000004    -1.2044265251291817 
   2.4200000000000004    -1.1815204034856166 
   2.4400000000000004    -1.1619795595348152 
   2.4600000000000004    -1.1414064378323139 
   2.4800000000000004    -1.1226487716395057 
   2.5000000000000004    -1.1059632498387952 
   2.5200000000000005    -1.0903359724557959 
   2.5400000000000005    -1.0734380951048943 
   2.5600000000000005    -1.0574867177300822 
   2.5800000000000005    -1.0430698069831730 
   2.6000000000000005    -1.0287251073455506 
