   2.1200000000000001  0.85802492832446664     
   2.1400000000000001  0.84312733981192245     
   2.1600000000000001  0.82875859573046307     
   2.1800000000000002  0.81120859617381336     
   2.2000000000000002  0.78693694123141134     
   2.2200000000000002  0.75868751972282966     
   2.2400000000000002  0.69636921018601139     
   2.2600000000000002  0.65680501118548718     
   2.2800000000000002  0.56717849122742137     
   2.3000000000000003  0.43884758891377718     
   2.3200000000000003  0.31688230310599064     
   2.3400000000000003  0.28442945392581859     
   2.3600000000000003  0.23905310507212157     
   2.3800000000000003  0.18902258411377665     
   2.4000000000000004  0.17115405678739584     
   2.4200000000000004  0.14565649632040731     
   2.4400000000000004  0.13673969099010921     
   2.4600000000000004  0.11940956365012730     
   2.4800000000000004  0.11321679713990306     
   2.5000000000000004  0.10340516405443244     
   2.5200000000000005  0.10091158078409232     
   2.5400000000000005   9.2837108765848414E-002
   2.5600000000000005   8.7850897780699599E-002
   2.5800000000000005   8.6434075594269327E-002
   2.6000000000000005   7.8327370243506361E-002
