   2.1200000000000001    1.0716446181549348 
   2.1400000000000001    1.5300323072083968 
   2.1600000000000001    1.7878830319286301 
   2.1800000000000002    2.4992840285716760 
   2.2000000000000002    3.4740178644346691 
   2.2200000000000002    6.4314321035434636 
   2.2400000000000002    21.194545832998138 
   2.2600000000000002    25.159377237229450 
   2.2800000000000002    45.834611341194062 
   2.3000000000000003    62.884616440223866 
   2.3200000000000003    57.979173712842503 
   2.3400000000000003    44.874239314736464 
   2.3600000000000003    38.015164368296041 
   2.3800000000000003    26.898377717876180 
   2.4000000000000004    21.867294795193668 
   2.4200000000000004    16.520973862539183 
   2.4400000000000004    15.102576058046258 
   2.4600000000000004    11.605423702184329 
   2.4800000000000004    10.727578891135702 
   2.5000000000000004    8.5448303515589750 
   2.5200000000000005    7.9678590380274859 
   2.5400000000000005    6.7171632332834150 
   2.5600000000000005    6.0852405701759809 
   2.5800000000000005    5.6275058506400448 
   2.6000000000000005    4.8866349522057639 
