   2.1200000000000001           100000  -1.6424213835089450        1.0179651018453042       0.85756674396104127        1.1278784636587655       0.85756674396104127     
   2.1400000000000001           100000  -1.6209636153010138        1.0804575198890740       0.84376552243468939        1.4415731568095627       0.84376552243468939     
   2.1600000000000001           100000  -1.5982573721246216        1.1818402547666771       0.82803801033199986        2.0506685926175794       0.82803801033199986     
   2.1800000000000002           100000  -1.5734921227502445        1.2465702742101057       0.80885651081656529        2.7061281916754822       0.80885651081656529     
   2.2000000000000002           100000  -1.5465048484320003        1.4127762014535061       0.78484391454817459        4.6414532929516010       0.78484391454817459     
   2.2200000000000002           100000  -1.5154597742162650        1.6427806430078760       0.74962425918789788        9.6925402407173635       0.74962425918789788     
   2.2400000000000002           100000  -1.4844815374988412        1.7920547805246940       0.71299562886321488        18.551656221456401       0.71299562886321488     
   2.2600000000000002           100000  -1.4433142447888145        2.2045796548124454       0.47478902863082001        66.391343580201521       0.62863591224432069     
   2.2800000000000002           100000  -1.4012839771005883        2.2512960565065141      -0.27697491487802495        79.728814889569506       0.54003105823266773     
   2.3000000000000003           100000  -1.3464158659866734        2.0671275279221484        2.1569321330113099E-002   104.16553208962362       0.34532768815128861     
   2.3200000000000003           100000  -1.3125086355932420        1.7567548164007039        6.7180695177872854E-002   74.040376228698321       0.28930400831656583     
   2.3400000000000003           100000  -1.2820121676136478        1.5192867618779937        5.7639136043912909E-002   59.314650049257800       0.22014421318868926     
   2.3600000000000003           100000  -1.2516738371300584        1.2742670011830202        1.6079352718801374E-002   37.011258124595393       0.16804443012984052     
   2.3800000000000003           100000  -1.2282345189721855        1.2063770778996172       -2.0923183846435905E-002   29.957905886654721       0.15673956166542552     
   2.4000000000000004           100000  -1.2043340133259630        1.1211446140472008        1.2560499682695080E-002   24.114026349430034       0.12551580307920401     
   2.4200000000000004           100000  -1.1816279076495675        1.0271807141384903       -1.2150140318061631E-002   16.196133618857889       0.11238023153603649     
   2.4400000000000004           100000  -1.1607479269270402        1.0006048360313518       -7.4149185626833968E-003   15.939224573704708       0.10326655364126736     
   2.4600000000000004           100000  -1.1429333711270737       0.95908226001686292       -2.5989530593449215E-003   13.061992770854580        9.3622732009890797E-002
   2.4800000000000004           100000  -1.1237529716116115       0.89989027094453755        6.7316404549444542E-003   11.209599335108138        8.6988913427475154E-002
   2.5000000000000004           100000  -1.1063154783021196       0.87086458517927656       -8.2047747927299491E-003   9.1757507893483261        7.9576891739718575E-002
   2.5200000000000005           100000  -1.0888469099934128       0.82172049967168681       -2.7779311798235540E-003   7.7592077826387120        7.4598685615478638E-002
   2.5400000000000005           100000  -1.0733098228859126       0.79389531857147999       -2.5367124359172524E-003   6.7295500200916649        6.8429004521337905E-002
   2.5600000000000005           100000  -1.0571360607944962       0.75294904925922135        1.1190905967293930E-003   6.2881260140073572        6.5359820223872017E-002
   2.5800000000000005           100000  -1.0424767486648217       0.72653972568666680        2.2005218194101417E-003   5.7744247950196055        6.4128151504986589E-002
   2.6000000000000005           100000  -1.0285381990169389       0.70536311175112754       -1.8559062031158646E-004   4.9954045471797413        5.9309151626724767E-002
