   2.1200000000000001       1.0179651018453042  
   2.1400000000000001       1.0804575198890740  
   2.1600000000000001       1.1818402547666771  
   2.1800000000000002       1.2465702742101057  
   2.2000000000000002       1.4127762014535061  
   2.2200000000000002       1.6427806430078760  
   2.2400000000000002       1.7920547805246940  
   2.2600000000000002       2.2045796548124454  
   2.2800000000000002       2.2512960565065141  
   2.3000000000000003       2.0671275279221484  
   2.3200000000000003       1.7567548164007039  
   2.3400000000000003       1.5192867618779937  
   2.3600000000000003       1.2742670011830202  
   2.3800000000000003       1.2063770778996172  
   2.4000000000000004       1.1211446140472008  
   2.4200000000000004       1.0271807141384903  
   2.4400000000000004       1.0006048360313518  
   2.4600000000000004      0.95908226001686292
   2.4800000000000004      0.89989027094453755
   2.5000000000000004      0.87086458517927656
   2.5200000000000005      0.82172049967168681
   2.5400000000000005      0.79389531857147999
   2.5600000000000005      0.75294904925922135
   2.5800000000000005      0.72653972568666680
   2.6000000000000005      0.70536311175112754
