   2.1200000000000001   -1.6424213835089450 
   2.1400000000000001   -1.6209636153010138 
   2.1600000000000001   -1.5982573721246216 
   2.1800000000000002   -1.5734921227502445 
   2.2000000000000002   -1.5465048484320003 
   2.2200000000000002   -1.5154597742162650 
   2.2400000000000002   -1.4844815374988412 
   2.2600000000000002   -1.4433142447888145 
   2.2800000000000002   -1.4012839771005883 
   2.3000000000000003   -1.3464158659866734 
   2.3200000000000003   -1.3125086355932420 
   2.3400000000000003   -1.2820121676136478 
   2.3600000000000003   -1.2516738371300584 
   2.3800000000000003   -1.2282345189721855 
   2.4000000000000004   -1.2043340133259630 
   2.4200000000000004   -1.1816279076495675 
   2.4400000000000004   -1.1607479269270402 
   2.4600000000000004   -1.1429333711270737 
   2.4800000000000004   -1.1237529716116115 
   2.5000000000000004   -1.1063154783021196 
   2.5200000000000005   -1.0888469099934128 
   2.5400000000000005   -1.0733098228859126 
   2.5600000000000005   -1.0571360607944962 
   2.5800000000000005   -1.0424767486648217 
   2.6000000000000005   -1.0285381990169389 
