   2.1200000000000001    0.85756674396104127     
   2.1400000000000001    0.84376552243468939     
   2.1600000000000001    0.82803801033199986     
   2.1800000000000002    0.80885651081656529     
   2.2000000000000002    0.78484391454817459     
   2.2200000000000002    0.74962425918789788     
   2.2400000000000002    0.71299562886321488     
   2.2600000000000002    0.62863591224432069     
   2.2800000000000002    0.54003105823266773     
   2.3000000000000003    0.34532768815128861     
   2.3200000000000003    0.28930400831656583     
   2.3400000000000003    0.22014421318868926     
   2.3600000000000003    0.16804443012984052     
   2.3800000000000003    0.15673956166542552     
   2.4000000000000004    0.12551580307920401     
   2.4200000000000004    0.11238023153603649     
   2.4400000000000004    0.10326655364126736     
   2.4600000000000004     9.3622732009890797E-002
   2.4800000000000004     8.6988913427475154E-002
   2.5000000000000004     7.9576891739718575E-002
   2.5200000000000005     7.4598685615478638E-002
   2.5400000000000005     6.8429004521337905E-002
   2.5600000000000005     6.5359820223872017E-002
   2.5800000000000005     6.4128151504986589E-002
   2.6000000000000005     5.9309151626724767E-002
