   2.1200000000000001      1.1278784636587655  
   2.1400000000000001      1.4415731568095627  
   2.1600000000000001      2.0506685926175794  
   2.1800000000000002      2.7061281916754822  
   2.2000000000000002      4.6414532929516010  
   2.2200000000000002      9.6925402407173635  
   2.2400000000000002      18.551656221456401  
   2.2600000000000002      66.391343580201521  
   2.2800000000000002      79.728814889569506  
   2.3000000000000003      104.16553208962362  
   2.3200000000000003      74.040376228698321  
   2.3400000000000003      59.314650049257800  
   2.3600000000000003      37.011258124595393  
   2.3800000000000003      29.957905886654721  
   2.4000000000000004      24.114026349430034  
   2.4200000000000004      16.196133618857889  
   2.4400000000000004      15.939224573704708  
   2.4600000000000004      13.061992770854580  
   2.4800000000000004      11.209599335108138  
   2.5000000000000004      9.1757507893483261  
   2.5200000000000005      7.7592077826387120  
   2.5400000000000005      6.7295500200916649  
   2.5600000000000005      6.2881260140073572  
   2.5800000000000005      5.7744247950196055  
   2.6000000000000005      4.9954045471797413  
