   2.2050000000000001       1.3533605651622140  
   2.2100000000000000       1.4455903792190419  
   2.2149999999999999       1.4873888415201215  
   2.2199999999999998       1.6299525212230535  
   2.2249999999999996       1.5253436689268061  
   2.2299999999999995       1.4923698188565433  
   2.2349999999999994       2.1166357208792883  
   2.2399999999999993       1.8249441624362295  
   2.2449999999999992       1.7668302768320299  
   2.2499999999999991       1.7061874472833649  
   2.2549999999999990       2.1032630514855817  
   2.2599999999999989       1.8486356162018702  
   2.2649999999999988       1.9130952896607725  
   2.2699999999999987       2.7536973850465176  
   2.2749999999999986       2.5888301509941267  
   2.2799999999999985       2.5130502694268886  
   2.2849999999999984       2.4000840597231634  
   2.2899999999999983       2.1530967855234890  
   2.2949999999999982       2.0851694199333393  
   2.2999999999999980       1.9132239945837377  
   2.3049999999999979       1.8212980575668678  
   2.3099999999999978       1.6988179891835375  
   2.3149999999999977       1.6462861128593220  
   2.3199999999999976       1.5579588728437763  
   2.3249999999999975       1.5052200766133033  
   2.3299999999999974       1.4544453950131571  
   2.3349999999999973       1.4093065452214535  
   2.3399999999999972       1.3927256188223041  
   2.3449999999999971       1.3774686160762919  
   2.3499999999999970       1.3354023325990774  
   2.3549999999999969       1.3151914896488772  
   2.3599999999999968       1.2685222265532752  
   2.3649999999999967       1.2584579483377925  
   2.3699999999999966       1.2154982329374679  
   2.3749999999999964       1.2078270089257717  
   2.3799999999999963       1.1950978224942128  
   2.3849999999999962       1.1742795720958183  
   2.3899999999999961       1.1511530746251504  
   2.3949999999999960       1.1191975945137205  
   2.3999999999999959       1.1089172321065555  
