   2.2050000000000001   -1.5394498226438753 
   2.2100000000000000   -1.5317097328674987 
   2.2149999999999999   -1.5257662130865861 
   2.2199999999999998   -1.5161992359678833 
   2.2249999999999996   -1.5096535347599198 
   2.2299999999999995   -1.5017265998819742 
   2.2349999999999994   -1.4875852721625755 
   2.2399999999999993   -1.4826595176852160 
   2.2449999999999992   -1.4736467205651140 
   2.2499999999999991   -1.4672173838466527 
   2.2549999999999990   -1.4540030228596077 
   2.2599999999999989   -1.4483996914451831 
   2.2649999999999988   -1.4357642182117785 
   2.2699999999999987   -1.4152235572432306 
   2.2749999999999986   -1.3975196450430307 
   2.2799999999999985   -1.3870616191510672 
   2.2849999999999984   -1.3760613497910852 
   2.2899999999999983   -1.3649604914517652 
   2.2949999999999982   -1.3547925043345797 
   2.2999999999999980   -1.3434991839549293 
   2.3049999999999979   -1.3340864290807350 
   2.3099999999999978   -1.3248128348184345 
   2.3149999999999977   -1.3163741795336175 
   2.3199999999999976   -1.3088221383281951 
   2.3249999999999975   -1.3012815432451923 
   2.3299999999999974   -1.2929516669396923 
   2.3349999999999973   -1.2861437369568809 
   2.3399999999999972   -1.2788357869753317 
   2.3449999999999971   -1.2720233218904906 
   2.3499999999999970   -1.2649431270104072 
   2.3549999999999969   -1.2585900325366512 
   2.3599999999999968   -1.25200857847163502
   2.3649999999999967   -1.24565717583460982
   2.3699999999999966   -1.23877454850504792
   2.3749999999999964   -1.23284336260165552
   2.3799999999999963   -1.22658541567867972
   2.3849999999999962   -1.22086232773394542
   2.3899999999999961   -1.21490721856530712
   2.3949999999999960   -1.20927297388565472
   2.3999999999999959   -1.20367833206304512
