   2.2050000000000001        0.77791912834206545     
   2.2100000000000000        0.76655687112585447     
   2.2149999999999999        0.76622493296342720     
   2.2199999999999998        0.75174191126529932     
   2.2249999999999996        0.74712032780757998     
   2.2299999999999995        0.73964689262236705     
   2.2349999999999994        0.69986409139627836     
   2.2399999999999993        0.71120162973500067     
   2.2449999999999992        0.69871389997061084     
   2.2499999999999991        0.69513700304086612     
   2.2549999999999990        0.65149309478370954     
   2.2599999999999989        0.66559778270728220     
   2.2649999999999988        0.63406238492975875     
   2.2699999999999987        0.52326469061765912     
   2.2749999999999986        0.44459470826526137     
   2.2799999999999985        0.40947365151719883     
   2.2849999999999984        0.36314896602191249     
   2.2899999999999983        0.32657280274691153     
   2.2949999999999982        0.28513242009643641     
   2.2999999999999980        0.24924773763601610     
   2.3049999999999979        0.22049396770861235     
   2.3099999999999978        0.18834809105507899     
   2.3149999999999977        0.17341423292951808     
   2.3199999999999976        0.15637139542152673     
   2.3249999999999975        0.15166751767830081     
   2.3299999999999974        0.13321676792896611     
   2.3349999999999973        0.12991923191688343     
   2.3399999999999972        0.12045319877751758     
   2.3449999999999971        0.11464638022074979     
   2.3499999999999970        0.10751916738160144     
   2.3549999999999969        0.10592217758971507     
   2.3599999999999968         9.6635469960100528E-002
   2.3649999999999967         9.5038505780458998E-002
   2.3699999999999966         8.6645447740424958E-002
   2.3749999999999964         8.5274354682662132E-002
   2.3799999999999963         8.1468661426964475E-002
   2.3849999999999962         8.0962938162935164E-002
   2.3899999999999961         7.5407272054512892E-002
   2.3949999999999960         7.3759010732143748E-002
   2.3999999999999959         7.0437037373183978E-002
