   2.2050000000000001          1000000  -1.5394498226438753        1.3533605651622140       0.77791912834206545        5.2574746848660139       0.77791912834206545     
   2.2100000000000000          1000000  -1.5317097328674987        1.4455903792190419       0.76655687112585447        9.7129693028442006       0.76655687112585447     
   2.2149999999999999          1000000  -1.5257662130865861        1.4873888415201215       0.76622493296342720        6.2335020591493597       0.76622493296342720     
   2.2199999999999998          1000000  -1.5161992359678833        1.6299525212230535       0.75174191126529932        10.081600751672342       0.75174191126529932     
   2.2249999999999996          1000000  -1.5096535347599198        1.5253436689268061       0.74712032780757998        7.8759817718495979       0.74712032780757998     
   2.2299999999999995          1000000  -1.5017265998819742        1.4923698188565433       0.73964689262236705        6.5835660290103606       0.73964689262236705     
   2.2349999999999994          1000000  -1.4875852721625755        2.1166357208792883       0.69986409139627836        34.388373552583424       0.69986409139627836     
   2.2399999999999993          1000000  -1.4826595176852160        1.8249441624362295       0.71120162973500067        14.011785447055821       0.71120162973500067     
   2.2449999999999992          1000000  -1.4736467205651140        1.7668302768320299       0.69871389997061084        15.675340009069027       0.69871389997061084     
   2.2499999999999991          1000000  -1.4672173838466527        1.7061874472833649       0.69513700304086612        13.392082344147630       0.69513700304086612     
   2.2549999999999990          1000000  -1.4540030228596077        2.1032630514855817       0.65149309478370954        50.664343479743145       0.65149309478370954     
   2.2599999999999989          1000000  -1.4483996914451831        1.8486356162018702       0.66559778270728220        18.334836865122849       0.66559778270728220     
   2.2649999999999988          1000000  -1.4357642182117785        1.9130952896607725       0.63406238492975875        29.563527649651256       0.63406238492975875     
   2.2699999999999987          1000000  -1.4152235572432306        2.7536973850465176       0.52326469061765912        186.40860290962092       0.52326469061765912     
   2.2749999999999986          1000000  -1.3975196450430307        2.5888301509941267       0.23026473594924965        260.83846268037320       0.44459470826526137     
   2.2799999999999985          1000000  -1.3870616191510672        2.5130502694268886        2.5909872383563450E-003   281.44085372087397       0.40947365151719883     
   2.2849999999999984          1000000  -1.3760613497910852        2.4000840597231634        1.2574286907028488E-002   264.03740351883289       0.36314896602191249     
   2.2899999999999983          1000000  -1.3649604914517652        2.1530967855234890      -0.11841931796632610        243.85755295402041       0.32657280274691153     
   2.2949999999999982          1000000  -1.3547925043345797        2.0851694199333393       -4.3250824788761348E-002   227.65459790959696       0.28513242009643641     
   2.2999999999999980          1000000  -1.3434991839549293        1.9132239945837377        4.9805154670172436E-002   197.54836573815081       0.24924773763601610     
   2.3049999999999979          1000000  -1.3340864290807350        1.8212980575668678       -3.1803649613581057E-002   175.36611604875432       0.22049396770861235     
   2.3099999999999978          1000000  -1.3248128348184345        1.6988179891835375        5.6464336592135136E-004   140.55798407096461       0.18834809105507899     
   2.3149999999999977          1000000  -1.3163741795336175        1.6462861128593220       -5.1999480480958834E-003   122.95050736063432       0.17341423292951808     
   2.3199999999999976          1000000  -1.3088221383281951        1.5579588728437763        2.7310262175946178E-003   107.56474878423491       0.15637139542152673     
   2.3249999999999975          1000000  -1.3012815432451923        1.5052200766133033        2.1529567394622657E-002   98.261679047199692       0.15166751767830081     
   2.3299999999999974          1000000  -1.2929516669396923        1.4544453950131571        1.3342441905089084E-002   79.307785691619756       0.13321676792896611     
   2.3349999999999973          1000000  -1.2861437369568809        1.4093065452214535       -8.4412428358307675E-004   73.496940654235374       0.12991923191688343     
   2.3399999999999972          1000000  -1.2788357869753317        1.3927256188223041        8.5149133458488502E-003   64.133537344130872       0.12045319877751758     
   2.3449999999999971          1000000  -1.2720233218904906        1.3774686160762919       -7.4321288587866985E-003   57.174240705292156       0.11464638022074979     
   2.3499999999999970          1000000  -1.2649431270104072        1.3354023325990774        1.6471886693106362E-003   52.557512207916417       0.10751916738160144     
   2.3549999999999969          1000000  -1.2585900325366512        1.3151914896488772       -1.8526772402203990E-003   50.045359522417598       0.10592217758971507     
   2.3599999999999968          1000000  -1.2520085784716350        1.2685222265532752       -5.2902691703168242E-003   42.554575977838127        9.6635469960100528E-002
   2.3649999999999967          1000000  -1.2456571758346098        1.2584579483377925        2.9701821353581540E-003   41.267936657539614        9.5038505780458998E-002
   2.3699999999999966          1000000  -1.2387745485050479        1.2154982329374679       -9.1381395687651495E-003   34.811764853961293        8.6645447740424958E-002
   2.3749999999999964          1000000  -1.2328433626016555        1.2078270089257717        4.0136734592542038E-005   32.783663140244606        8.5274354682662132E-002
   2.3799999999999963          1000000  -1.2265854156786797        1.1950978224942128        2.3023948921461956E-003   30.098449261474173        8.1468661426964475E-002
   2.3849999999999962          1000000  -1.2208623277339454        1.1742795720958183       -4.3137838666597638E-003   30.136596561630764        8.0962938162935164E-002
   2.3899999999999961          1000000  -1.2149072185653071        1.1511530746251504        2.5806126465458038E-003   25.880574350040213        7.5407272054512892E-002
   2.3949999999999960          1000000  -1.2092729738856547        1.1191975945137205        1.1888296908760447E-003   25.583646793534374        7.3759010732143748E-002
   2.3999999999999959          1000000  -1.2036783320630451        1.1089172321065555       -2.4787261161907975E-003   22.729162953170029        7.0437037373183978E-002
