   2.2050000000000001       5.2574746848660139  
   2.2100000000000000       9.7129693028442006  
   2.2149999999999999       6.2335020591493597  
   2.2199999999999998       10.081600751672342  
   2.2249999999999996       7.8759817718495979  
   2.2299999999999995       6.5835660290103606  
   2.2349999999999994       34.388373552583424  
   2.2399999999999993       14.011785447055821  
   2.2449999999999992       15.675340009069027  
   2.2499999999999991       13.392082344147630  
   2.2549999999999990       50.664343479743145  
   2.2599999999999989       18.334836865122849  
   2.2649999999999988       29.563527649651256  
   2.2699999999999987       186.40860290962092  
   2.2749999999999986       260.83846268037320  
   2.2799999999999985       281.44085372087397  
   2.2849999999999984       264.03740351883289  
   2.2899999999999983       243.85755295402041  
   2.2949999999999982       227.65459790959696  
   2.2999999999999980       197.54836573815081  
   2.3049999999999979       175.36611604875432  
   2.3099999999999978       140.55798407096461  
   2.3149999999999977       122.95050736063432  
   2.3199999999999976       107.56474878423491  
   2.3249999999999975       98.261679047199692  
   2.3299999999999974       79.307785691619756  
   2.3349999999999973       73.496940654235374  
   2.3399999999999972       64.133537344130872  
   2.3449999999999971       57.174240705292156  
   2.3499999999999970       52.557512207916417  
   2.3549999999999969       50.045359522417598  
   2.3599999999999968       42.554575977838127 2
   2.3649999999999967       41.267936657539614 2
   2.3699999999999966       34.811764853961293 2
   2.3749999999999964       32.783663140244606 2
   2.3799999999999963       30.098449261474173 2
   2.3849999999999962       30.136596561630764 2
   2.3899999999999961       25.880574350040213 2
   2.3949999999999960       25.583646793534374 2
   2.3999999999999959       22.729162953170029 2
